BlackRock,0,1,2,33.333333333333336
Canada,0,5,5,050.0
Announces,77,232,293,51.32890365448505
Estimated,1,1,4,33.333333333333336
2017,60,187,292,45.82560296846011
Annual,8,41,50,49.494949494949495
Reinvested,0,1,2,33.333333333333336
Capital,4,20,28,46.15384615384615
Gains,1,1,3,040.0
Distributions,1,2,6,33.333333333333336
iShares,0,1,2,33.333333333333336
ETFs,0,1,4,020.0
NYSE,25,79,83,55.61497326203209
Point,2,2,2,66.66666666666667
Loma,2,1,2,060.0
Resources,4,14,15,54.54545454545455
Third,1,31,41,43.83561643835616
Quarter,7,59,80,45.205479452054796
Financial,10,32,49,46.15384615384615
Operating,1,3,5,44.44444444444444
Results,12,65,106,42.076502732240435
Venture,14,43,60,48.717948717948715
Exchange,20,89,118,48.01762114537445
November,28,68,103,48.24120603015076
Alamos,1,1,4,33.333333333333336
Gold,2,13,19,44.11764705882353
Completion,6,8,9,60.869565217391305
Acquisition,3,6,8,52.94117647058823
Richmont,0,0,1,000.0
Mines,4,6,6,062.5
strong,62,214,306,47.422680412371136
amounts,0,1,3,025.0
United,1,6,9,43.75
States,1,2,8,27.272727272727273
dollars,0,1,3,025.0
unless,0,1,3,025.0
otherwise,0,1,3,025.0
stated,0,1,3,025.0
Technologies,1,11,17,41.37931034482759
Passing,0,0,1,000.0
Jean,0,1,2,33.333333333333336
Lamarre,0,0,1,000.0
Chairman,1,1,2,050.0
Board,7,20,26,50.943396226415096
Directors,4,18,20,52.38095238095238
Company,10,24,36,48.57142857142857
Global,7,22,24,54.716981132075475
Carbon,0,2,0,100.0
Black,2,6,5,61.53846153846154
Market,4,30,25,57.6271186440678
2025,1,1,0,100.0
Profiles,0,1,0,100.0
Producers,0,1,0,100.0
Including,0,2,0,100.0
Product,2,7,7,56.25
Production,6,16,11,66.66666666666667
Capacities,0,1,0,100.0
Revenues,0,5,6,45.45454545454545
Ethereum,0,1,1,050.0
Price,1,3,0,100.0
Hits,0,1,0,100.0
High,3,5,10,44.44444444444444
Billionaire,0,1,0,100.0
Predicts,0,2,1,66.66666666666667
Surge,0,1,0,100.0
Next,0,2,7,22.22222222222222
Month,0,1,0,100.0
West,1,2,1,075.0
Energy,7,21,25,52.83018867924528
Services,4,12,18,47.05882352941177
Closing,8,17,22,53.191489361702125
Shares,4,11,18,45.45454545454545
Debt,3,3,7,46.15384615384615
Settlement,1,3,3,57.142857142857146
10h00,0,1,0,100.0
Deborah,0,1,0,100.0
Rose,0,1,1,050.0
designe,0,1,0,100.0
parmi,0,1,0,100.0
femmes,0,1,0,100.0
plus,1,1,2,050.0
influentes,0,1,0,100.0
director,2,0,0,100.0
James,2,1,0,100.0
Tisch,2,0,0,100.0
discloses,2,0,0,100.0
million,9,15,25,48.97959183673469
stock,2,2,3,57.142857142857146
purchase,2,0,0,100.0
Macro,0,1,0,100.0
Enterprises,2,3,4,55.55555555555556
MOBI724,0,1,3,025.0
Solutions,2,12,21,040.0
MOBIF,0,0,1,000.0
Files,0,3,10,23.076923076923077
Statements,0,0,1,000.0
Invites,0,0,1,000.0
Current,0,2,2,050.0
Future,0,5,4,55.55555555555556
Investors,1,4,10,33.333333333333336
Webinar,0,0,1,000.0
Material,0,0,1,000.0
Management,4,6,11,47.61904761904762
Update,2,7,12,42.857142857142854
Canadian,0,12,17,41.37931034482759
Stock,11,57,73,48.226950354609926
Step,0,0,1,000.0
Governance,0,0,1,000.0
Group,10,32,44,48.83720930232558
Landsnet,0,0,1,000.0
reaches,0,0,1,000.0
agreement,1,2,4,42.857142857142854
with,15,42,70,44.881889763779526
Nordic,1,3,9,30.76923076923077
Investment,3,11,9,60.869565217391305
Bank,10,10,17,54.054054054054056
Iceland,0,0,1,000.0
LNET,0,0,1,000.0
0911,0,0,1,000.0
DryShips,0,1,0,100.0
Launch,4,12,25,39.02439024390244
Website,0,1,0,100.0
Eurocontrol,0,1,0,100.0
Reports,13,45,72,44.61538461538461
SICPA,0,1,0,100.0
Awarded,2,2,2,66.66666666666667
Mozambique,0,1,0,100.0
Fuel,0,2,0,100.0
Marking,0,1,4,020.0
Contract,5,7,9,57.142857142857146
Share,5,17,12,64.70588235294117
buyback,1,1,0,100.0
Bazaarvoice,0,1,0,100.0
Enters,3,18,19,052.5
Into,2,11,6,68.42105263157895
Definitive,1,4,1,83.33333333333333
Agreement,7,22,33,46.774193548387096
Acquired,0,1,0,100.0
Marlin,0,1,0,100.0
Equity,1,8,3,075.0
Partners,5,17,18,055.0
Nasdaq,61,228,309,48.32775919732441
Agrees,0,1,0,100.0
Trial,3,11,13,51.851851851851855
Mining,2,9,2,84.61538461538461
Eureka,0,1,0,100.0
Mine,0,1,2,33.333333333333336
Bitcoin,2,2,8,33.333333333333336
Sets,2,1,6,33.333333333333336
Another,0,1,1,050.0
Record,1,13,24,36.8421052631579
Breaks,0,0,1,000.0
Soars,0,0,2,000.0
Time,1,7,11,42.10526315789474
Endexx,0,0,1,000.0
Acquires,1,2,5,037.5
Holistic,0,0,1,000.0
Earth,0,3,7,030.0
Remedies,0,0,1,000.0
Best,0,3,2,060.0
Selling,0,0,1,000.0
Topical,0,0,3,000.0
Pain,0,0,2,000.0
Relief,0,0,1,000.0
Products,0,2,7,22.22222222222222
full,0,1,1,050.0
scale,0,0,1,000.0
integration,0,0,1,000.0
best,0,0,3,000.0
selling,0,0,2,000.0
Maggie,0,0,2,000.0
Mist,0,0,1,000.0
Balm,0,0,2,000.0
Revenue,3,16,18,51.351351351351354
producing,0,0,1,000.0
acquisition,0,0,3,000.0
immediately,0,0,1,000.0
capture,0,0,1,000.0
percent,0,2,6,025.0
increase,0,5,11,31.25
revenue,0,11,11,050.0
Independent,2,2,6,040.0
Inspectors,0,0,1,000.0
Election,0,3,1,075.0
Certify,0,0,1,000.0
Meeting,1,12,16,44.827586206896555
Resonant,0,0,1,000.0
Expands,2,4,14,030.0
Fabless,0,0,1,000.0
Filter,0,0,1,000.0
System,1,3,10,28.571428571428573
Signing,0,0,2,000.0
First,9,28,26,58.73015873015873
Foundry,0,0,1,000.0
Backend,0,0,1,000.0
Packaging,0,0,1,000.0
Partner,2,12,8,63.63636363636363
CallidusCloud,0,1,0,100.0
President,3,6,9,050.0
Present,2,29,31,050.0
Credit,5,14,12,61.29032258064516
Suisse,0,3,0,100.0
21st,0,1,0,100.0
Technology,4,18,33,040.0
Media,1,4,3,062.5
Telecom,0,1,0,100.0
Conference,6,30,43,45.56962025316456
CALD,0,1,0,100.0
REMINDER,3,7,12,45.45454545454545
MEDIA,0,1,1,050.0
ALERT,1,7,9,47.05882352941177
efabless,0,1,1,050.0
RISC,0,4,0,100.0
Workshop,0,2,1,66.66666666666667
Talk,0,1,0,100.0
Creating,0,2,1,66.66666666666667
Mixed,0,2,0,100.0
Signal,0,2,0,100.0
ASIC,0,2,0,100.0
Using,0,3,1,075.0
Open,1,6,6,53.84615384615385
Source,0,2,1,66.66666666666667
Implementation,0,1,0,100.0
Toolset,0,2,0,100.0
Will,0,2,1,66.66666666666667
Describe,0,1,0,100.0
Designing,0,1,0,100.0
Verifying,0,1,0,100.0
Implementing,0,1,0,100.0
Perseus,0,1,0,100.0
Limited,0,3,4,42.857142857142854
Australian,0,1,4,020.0
Tangelo,1,3,7,36.36363636363637
Games,0,1,1,050.0
Lender,0,0,1,000.0
Amend,0,0,1,000.0
Facility,5,8,12,052.0
Covenants,0,0,1,000.0
Reduced,0,0,1,000.0
Maturity,0,0,1,000.0
Extended,0,1,2,33.333333333333336
Cisco,0,5,3,062.5
Event,1,8,12,42.857142857142854
Community,0,3,2,060.0
Hadoop,0,0,1,000.0
billion,1,14,13,53.57142857142857
2022,0,0,3,000.0
Zion,0,0,1,000.0
Research,2,30,38,45.714285714285715
Medigus,0,1,0,100.0
Billion,3,3,10,037.5
Electric,1,1,2,050.0
Scooter,1,0,0,100.0
Motorcycle,1,0,0,100.0
Analysis,1,15,12,57.142857142857146
Forecast,2,4,5,54.54545454545455
MTBC,0,0,2,000.0
Largest,0,1,4,020.0
Client,0,0,1,000.0
Provider,0,3,5,037.5
Leading,1,2,8,27.272727272727273
Growth,7,42,60,44.95412844036697
Skinvisible,0,1,0,100.0
Proposed,0,4,9,30.76923076923077
Merger,1,1,1,66.66666666666667
Quoin,0,1,0,100.0
Pharmaceuticals,7,17,36,040.0
company,1,7,15,34.78260869565217
expected,0,1,1,050.0
have,0,1,1,050.0
exciting,0,1,0,100.0
product,0,8,4,66.66666666666667
portfolio,1,8,3,075.0
addressing,0,1,0,100.0
major,2,5,3,070.0
unmet,0,1,0,100.0
medical,0,1,0,100.0
needs,0,1,1,050.0
Fortinet,1,7,6,57.142857142857146
Fabric,0,0,1,000.0
Ready,0,1,1,050.0
Program,4,9,9,59.09090909090909
Amazon,0,4,4,050.0
FTNT,0,1,4,020.0
Canstar,1,0,0,100.0
Change,2,0,4,33.333333333333336
Investor,3,6,9,050.0
Call,1,1,1,66.66666666666667
Knight,1,2,1,075.0
Home,1,7,4,66.66666666666667
Index,2,4,0,100.0
Monthly,0,3,2,060.0
Appreciation,0,1,0,100.0
Continues,1,3,3,57.142857142857146
Slow,0,1,0,100.0
Prices,3,5,5,61.53846153846154
Gain,0,1,0,100.0
Percent,0,3,0,100.0
September,1,9,15,040.0
Year,12,27,39,050.0
Over,2,6,10,44.44444444444444
Accelerates,0,1,0,100.0
Slightly,0,1,0,100.0
Millrock,0,2,0,100.0
Sojourn,0,1,0,100.0
Rock,0,1,0,100.0
Sampling,0,1,0,100.0
From,1,2,1,075.0
Willoughby,0,1,0,100.0
Project,2,9,7,61.111111111111114
Golden,1,1,0,100.0
Triangle,0,1,0,100.0
District,4,3,15,31.818181818181817
British,0,1,0,100.0
Columbia,1,5,7,46.15384615384615
Arbutus,0,1,0,100.0
Presentations,0,3,0,100.0
HepDART,0,1,0,100.0
ABUS,0,1,0,100.0
Pollo,1,2,3,050.0
Loco,1,2,3,050.0
Launches,2,15,12,58.62068965517241
Four,0,0,1,000.0
Authentic,0,0,1,000.0
Platters,0,0,1,000.0
LOCO,1,2,3,050.0
Medtronic,0,0,1,000.0
Telehealth,0,0,1,000.0
Support,1,4,9,35.714285714285715
Department,2,0,5,28.571428571428573
Veterans,0,0,1,000.0
Affairs,0,0,1,000.0
National,0,5,3,062.5
Jumei,1,0,0,100.0
Receipt,1,0,3,025.0
Withdrawal,1,0,1,050.0
Buyer,1,0,0,100.0
Going,1,7,6,57.142857142857146
Private,9,27,32,52.94117647058823
Proposal,1,0,1,050.0
JMEI,1,0,0,100.0
Cyber,1,2,3,050.0
Monday,1,0,2,33.333333333333336
deals,0,0,1,000.0
Bombardier,2,6,20,28.571428571428573
Notice,0,3,4,42.857142857142854
Redemption,0,0,3,000.0
Senior,3,10,18,41.935483870967744
Notes,4,6,12,45.45454545454545
2019,0,3,2,060.0
Consolidated,1,16,12,58.62068965517241
Communications,1,1,7,22.22222222222222
Sell,2,2,4,050.0
Virginia,1,0,0,100.0
Properties,3,9,14,46.15384615384615
CNSL,1,0,0,100.0
Alibaba,0,0,1,000.0
BABA,0,0,1,000.0
Offering,12,21,44,42.857142857142854
Weatherford,0,0,1,000.0
Plans,2,5,9,43.75
Divest,0,0,1,000.0
Assets,0,0,1,000.0
Ease,0,0,1,000.0
Load,0,0,1,000.0
Tauriga,0,0,2,000.0
Sciences,0,3,3,050.0
Agree,0,0,1,000.0
Extension,0,2,4,33.333333333333336
Existing,0,0,1,000.0
License,1,2,4,42.857142857142854
Cupuacu,0,0,1,000.0
Butter,0,0,1,000.0
Apple,0,1,1,050.0
Higher,0,2,0,100.0
Well,1,1,1,66.66666666666667
December,15,57,95,43.11377245508982
Must,0,1,0,100.0
Chart,0,1,0,100.0
Dividend,2,32,26,56.666666666666664
Picks,0,0,1,000.0
Maha,0,0,1,000.0
amends,0,0,1,000.0
terms,0,0,1,000.0
conditions,0,0,1,000.0
bonds,0,0,1,000.0
Elbit,0,0,1,000.0
Vision,0,0,1,000.0
Systems,3,5,11,42.10526315789474
Schedules,0,1,1,050.0
Release,1,4,4,55.55555555555556
OTCBB,1,0,3,025.0
EVSNF,0,0,1,000.0
Shell,0,0,2,000.0
Resume,0,0,1,000.0
Full,2,2,7,36.36363636363637
Cash,3,10,10,56.52173913043478
Payment,2,2,9,30.76923076923077
dips,0,0,1,000.0
increased,0,2,2,050.0
drilling,0,0,1,000.0
Opec,0,0,1,000.0
cuts,0,1,2,33.333333333333336
support,0,0,3,000.0
global,0,0,3,000.0
markets,0,0,1,000.0
Fundamental,1,6,8,46.666666666666664
Daily,1,4,5,050.0
Worries,1,0,0,100.0
Increasing,1,1,1,66.66666666666667
Russia,1,0,0,100.0
Weighing,1,0,0,100.0
Nymox,0,0,1,000.0
Fexapotide,0,0,1,000.0
Symposium,1,1,1,66.66666666666667
Panel,0,0,2,000.0
Discussion,0,0,1,000.0
American,2,15,14,54.83870967741935
Urological,0,0,1,000.0
Association,0,0,1,000.0
South,1,3,4,050.0
Central,1,1,1,66.66666666666667
Sectional,0,0,1,000.0
Naples,0,0,1,000.0
NYMX,0,0,1,000.0
Demonstrates,1,1,1,66.66666666666667
Power,3,4,5,58.333333333333336
Secure,2,1,2,060.0
Edge,1,0,0,100.0
Processing,3,4,6,53.84615384615385
Machine,1,1,0,100.0
Learning,1,2,0,100.0
Greengrass,1,0,0,100.0
Invent,1,0,0,100.0
NXPI,1,1,0,100.0
OPKO,0,1,0,100.0
Health,0,9,11,045.0
Enrolls,0,2,2,050.0
Patient,4,9,9,59.09090909090909
Phase,10,23,34,49.25373134328358
Study,6,17,31,42.592592592592595
OPK88004,0,1,0,100.0
Treat,0,1,0,100.0
Benign,0,1,0,100.0
Prostatic,0,1,0,100.0
Hypertrophy,0,1,0,100.0
SHRV,2,0,0,100.0
Markets,15,33,55,46.601941747572816
Gentex,0,0,1,000.0
GNTX,0,0,1,000.0
TerraForm,0,0,1,000.0
Aggregate,0,0,1,000.0
TERP,0,0,1,000.0
Klein,2,3,12,29.41176470588235
Firm,2,5,10,41.1764705882353
Reminds,1,0,6,14.285714285714286
Class,2,4,13,31.57894736842105
Action,1,4,13,27.77777777777778
Filed,1,3,7,36.36363636363637
Behalf,1,3,7,36.36363636363637
Tesla,1,0,0,100.0
Shareholders,2,10,10,54.54545454545455
Lead,4,6,13,43.47826086956522
Plaintiff,1,5,8,42.857142857142854
Deadline,1,8,11,045.0
TSLA,1,0,0,100.0
Freddie,2,2,4,050.0
Multifamily,2,2,4,050.0
Aggregation,1,0,0,100.0
Risk,2,0,3,040.0
Transfer,1,0,0,100.0
Certificates,1,0,0,100.0
Series,2,5,7,050.0
KT02,1,0,0,100.0
Renewal,1,1,3,040.0
Million,6,40,58,44.23076923076923
CPSS,0,0,1,000.0
Drone,0,0,7,000.0
Guarder,0,0,2,000.0
Strategic,2,5,7,050.0
Partnership,0,5,9,35.714285714285715
Swellpro,0,0,2,000.0
China,3,1,7,36.36363636363637
Manufacturing,2,1,3,050.0
DRNG,0,0,2,000.0
Trends,0,2,1,66.66666666666667
Toward,0,2,0,100.0
Normal,0,3,2,060.0
Becton,0,2,0,100.0
Dickinson,0,2,0,100.0
Cigna,0,2,0,100.0
Aetna,0,2,3,040.0
Enphase,0,4,1,080.0
Vishay,0,2,0,100.0
Intertechnology,0,2,0,100.0
Emerging,0,2,1,66.66666666666667
Expectations,0,7,6,53.84615384615385
Analyst,1,3,1,080.0
Ratings,0,2,0,100.0
SRCI,0,2,0,100.0
eFUEL,0,0,1,000.0
Corp,4,9,10,56.52173913043478
Posts,0,0,1,000.0
Attorney,0,0,1,000.0
Letter,1,1,1,66.66666666666667
Increase,2,5,7,050.0
Income,1,0,2,33.333333333333336
EFLN,0,0,1,000.0
Pura,0,2,3,040.0
Naturals,0,1,2,33.333333333333336
Clean,2,6,5,61.53846153846154
Multi,1,3,3,57.142857142857146
Surface,0,1,1,050.0
Cleaner,0,1,1,050.0
Degreaser,0,1,1,050.0
Game,0,1,1,050.0
Changer,0,1,1,050.0
Removing,0,1,1,050.0
Grease,0,1,1,050.0
Grime,0,1,1,050.0
Natural,0,5,2,71.42857142857143
Photronics,0,1,1,050.0
Fourth,2,12,18,43.75
Fiscal,2,29,55,36.04651162790697
OPEC,0,0,4,000.0
Rigs,0,0,2,000.0
Pressure,0,0,2,000.0
Crude,0,0,2,000.0
Futures,1,0,4,020.0
Grants,0,1,4,020.0
Fast,0,0,1,000.0
Track,0,3,9,025.0
Designation,0,1,3,025.0
Idera,0,0,1,000.0
2125,0,0,1,000.0
Combination,1,0,1,050.0
Ipilimumab,0,0,1,000.0
Treatment,8,11,15,55.88235294117647
Refractory,0,0,1,000.0
Metastatic,0,0,1,000.0
Melanoma,0,0,1,000.0
IDRA,0,0,1,000.0
Dundee,0,1,0,100.0
Sustainable,0,1,0,100.0
Patent,5,11,20,44.44444444444444
Allowance,0,3,3,050.0
Arsenic,0,1,0,100.0
Sequestration,0,1,0,100.0
Highs,0,1,0,100.0
Powell,0,1,0,100.0
Heads,0,1,0,100.0
Capitol,0,1,0,100.0
Hill,0,1,1,050.0
2018,13,60,92,44.24242424242424
Social,0,0,1,000.0
Security,4,7,12,47.82608695652174
COLA,0,0,1,000.0
Really,0,0,1,000.0
Just,1,0,1,050.0
CASMED,0,0,1,000.0
Micro,0,6,9,040.0
Main,0,6,8,42.857142857142854
CASM,0,0,1,000.0
Late,0,0,1,000.0
Nvidia,1,0,1,050.0
Corporation,5,19,22,52.17391304347826
NVDA,0,0,1,000.0
Xcerra,0,0,2,000.0
XCRA,0,0,2,000.0
Actinium,0,0,3,000.0
Highlights,1,15,14,53.333333333333336
Strong,4,4,6,57.142857142857146
Presence,0,0,2,000.0
59th,0,6,7,46.15384615384615
Society,0,7,7,050.0
Hematology,0,7,7,050.0
Evidenced,0,0,2,000.0
Clinical,6,11,23,042.5
Development,5,5,7,58.8235294117647
Progress,2,4,6,050.0
Showcasing,0,0,2,000.0
Platform,2,8,16,38.46153846153846
ATNM,0,0,3,000.0
ChromaDex,0,2,3,040.0
10th,0,6,9,040.0
CDXC,0,1,1,050.0
Esperanto,0,1,0,100.0
Efficient,0,1,0,100.0
Chips,0,1,0,100.0
Artificial,0,1,0,100.0
Intelligence,1,1,0,100.0
based,0,10,6,062.5
open,0,1,0,100.0
standard,0,1,0,100.0
public,0,1,0,100.0
technology,0,4,3,57.142857142857146
disclosure,0,1,0,100.0
from,3,22,21,54.34782608695652
stealth,0,1,0,100.0
start,1,1,2,050.0
extends,0,0,2,000.0
losing,0,0,2,000.0
streak,0,0,2,000.0
third,0,0,2,000.0
uncertainty,0,0,2,000.0
over,0,9,21,030.0
meeting,0,0,2,000.0
Watsco,0,2,0,100.0
Industrials,0,2,0,100.0
Findit,0,2,0,100.0
Prime,0,1,1,050.0
Package,0,1,0,100.0
that,1,5,6,050.0
Provides,5,11,11,59.25925925925926
Members,0,2,0,100.0
Benefit,0,10,8,55.55555555555556
Online,0,3,4,42.857142857142854
Marketing,3,8,6,64.70588235294117
Tools,0,1,0,100.0
Cost,0,2,2,050.0
Effective,1,3,7,36.36363636363637
What,0,1,8,11.11111111111111
Makes,2,7,9,050.0
Nordson,0,0,1,000.0
NDSN,0,0,1,000.0
Solid,1,3,6,040.0
Choice,0,2,2,050.0
Aviragen,0,1,1,050.0
Therapeutics,7,33,42,48.78048780487805
Enrollment,0,2,3,040.0
Teslexivir,0,1,1,050.0
BTA074,0,1,1,050.0
Condyloma,0,1,1,050.0
AVIR,0,1,1,050.0
Boston,1,9,14,41.666666666666664
Scientific,0,1,4,020.0
loses,0,1,1,050.0
value,0,3,8,27.272727272727273
prior,0,1,1,050.0
announcing,0,1,1,050.0
delay,0,1,1,050.0
Network,5,8,10,56.52173913043478
Receives,1,8,12,42.857142857142854
another,0,0,1,000.0
Office,0,0,3,000.0
Expanding,0,0,1,000.0
Portfolio,0,0,5,000.0
Patents,0,0,1,000.0
Shaw,0,1,0,100.0
Disclosure,0,2,0,100.0
Documents,0,1,0,100.0
Star,1,3,2,66.66666666666667
Bulk,0,1,0,100.0
General,1,4,7,41.666666666666664
Castle,0,3,1,075.0
Transaction,0,9,4,69.23076923076923
VMware,0,6,4,060.0
Barclays,0,0,1,000.0
Telecommunications,0,0,1,000.0
Grey,1,0,0,100.0
Cloak,1,0,0,100.0
Tech,1,3,6,040.0
Hiring,1,0,0,100.0
Stephen,1,1,2,050.0
Goldberg,1,0,0,100.0
Chief,3,1,5,44.44444444444444
Officer,3,1,4,050.0
Survey,0,0,2,000.0
Suggests,0,0,2,000.0
Lackluster,0,0,1,000.0
Demand,1,4,2,71.42857142857143
AAPL,0,0,1,000.0
iPhones,0,0,1,000.0
NanoVibronix,0,0,2,000.0
Successful,0,0,1,000.0
Interim,0,5,9,35.714285714285715
PainShield,0,0,2,000.0
8482,0,2,3,040.0
Patients,2,7,17,34.61538461538461
Trigeminal,0,0,1,000.0
Neuralgia,0,0,1,000.0
Represents,0,0,1,000.0
Potential,0,2,2,050.0
Alternative,0,0,2,000.0
Opioid,0,1,2,33.333333333333336
Surgical,0,0,1,000.0
Interventions,0,0,1,000.0
Blucora,0,0,2,000.0
Amendment,0,2,5,28.571428571428573
Pricing,2,8,17,37.03703703703704
BCOR,0,0,2,000.0
Inuvo,1,0,1,050.0
Increases,1,2,3,050.0
Nearly,1,0,1,050.0
INUV,1,0,1,050.0
UPDATE,1,2,0,100.0
Modern,1,3,0,100.0
Summit,0,4,1,080.0
Miami,0,2,1,66.66666666666667
Show,0,2,1,66.66666666666667
During,2,5,5,58.333333333333336
Week,0,2,2,050.0
Basel,0,3,0,100.0
announces,3,5,11,42.10526315789474
agenda,0,1,0,100.0
welcoming,0,1,0,100.0
industry,0,2,2,050.0
brands,0,1,0,100.0
agencies,0,1,0,100.0
spotlighting,0,1,0,100.0
union,0,1,0,100.0
creative,0,1,0,100.0
innovation,0,2,0,100.0
Proofpoint,0,1,1,050.0
into,2,6,6,57.142857142857146
Acquire,2,7,8,52.94117647058823
Weblife,0,1,1,050.0
Extends,1,2,2,060.0
Protection,0,3,1,075.0
Capabilities,0,3,2,060.0
Enterprise,0,2,1,66.66666666666667
Users,0,1,1,050.0
Personal,0,1,1,050.0
Email,1,1,1,66.66666666666667
PFPT,0,1,1,050.0
Summary,0,2,1,66.66666666666667
Schlumberger,0,2,2,050.0
Grainger,0,1,1,050.0
Acadia,0,1,1,050.0
Realty,0,1,4,020.0
Trust,3,13,13,55.172413793103445
Keryx,0,1,1,050.0
Biopharmaceuticals,0,1,1,050.0
Gannett,0,1,1,050.0
Performance,1,2,2,060.0
Indications,0,2,1,66.66666666666667
Constellation,0,1,0,100.0
Softwares,0,1,0,100.0
Vela,0,1,0,100.0
Completes,10,12,24,47.82608695652174
Education,0,3,2,060.0
Software,3,5,8,050.0
FAME,0,1,0,100.0
Toronto,4,12,14,53.333333333333336
Virtu,0,2,0,100.0
Additional,6,9,7,68.18181818181819
Repayment,0,2,0,100.0
Commences,0,2,4,33.333333333333336
Repricing,0,2,0,100.0
VIRT,0,2,0,100.0
Saturn,1,3,5,44.44444444444444
Asset,0,1,6,14.285714285714286
Operational,1,3,7,36.36363636363637
Oaktree,0,0,2,000.0
Specialty,0,0,5,000.0
Lending,0,0,2,000.0
OCSL,0,0,2,000.0
Cancer,3,8,8,57.89473684210526
Genetics,0,4,5,44.44444444444444
Indian,0,1,1,050.0
Cooperative,0,1,1,050.0
Oncology,1,3,1,080.0
ICON,0,1,1,050.0
Collaborate,0,1,2,33.333333333333336
Reduce,0,1,2,33.333333333333336
Alarmingly,0,1,1,050.0
Mortality,0,1,1,050.0
Rates,0,1,1,050.0
CGIX,0,1,1,050.0
Positioning,0,9,8,52.94117647058823
within,3,13,17,48.484848484848484
Cummins,0,2,0,100.0
Macy,0,2,0,100.0
Twenty,0,2,0,100.0
Century,0,2,0,100.0
Amicus,0,4,2,66.66666666666667
Crocs,0,2,0,100.0
Rand,0,2,0,100.0
Logistics,0,3,0,100.0
Vital,0,1,1,050.0
Signs,1,8,3,075.0
Monitoring,0,8,8,050.0
Devices,0,5,6,45.45454545454545
Size,0,1,1,050.0
2027,0,5,4,55.55555555555556
CAGR,0,2,4,33.333333333333336
Insights,0,3,3,050.0
Monica,1,0,1,050.0
Nuvamsa,1,0,1,050.0
Susan,1,0,2,33.333333333333336
White,1,0,1,050.0
Join,1,1,3,040.0
Nations,1,0,1,050.0
Institute,1,0,3,025.0
Recent,0,4,3,57.142857142857146
Shows,0,4,0,100.0
Aflac,0,2,0,100.0
Biogen,0,2,0,100.0
Oasis,0,2,0,100.0
Petroleum,4,5,4,69.23076923076923
Twilio,0,2,0,100.0
Neothetics,0,2,0,100.0
McDonald,0,2,0,100.0
Influences,0,3,0,100.0
Renewed,0,3,1,075.0
Outlook,1,3,2,66.66666666666667
Drivers,1,12,7,065.0
PhaseBio,0,0,2,000.0
Funds,0,0,3,000.0
Advancement,0,0,4,000.0
Orphan,0,0,2,000.0
Cardiovascular,0,0,2,000.0
Pipeline,2,1,7,030.0
Avid,0,1,2,33.333333333333336
Bioservices,0,1,1,050.0
Appointment,2,11,4,76.47058823529412
Tracy,0,1,1,050.0
Kinjerski,0,1,1,050.0
Vice,0,3,3,050.0
Business,3,13,18,47.05882352941177
Operations,0,1,2,33.333333333333336
PPHM,1,1,1,66.66666666666667
Inovios,0,1,1,050.0
Further,0,6,17,26.08695652173913
3100,0,1,1,050.0
Data,5,22,21,56.25
Reveals,0,1,1,050.0
Immune,0,1,1,050.0
Correlates,0,1,1,050.0
Biomarker,0,1,1,050.0
Signatures,0,1,1,050.0
That,0,2,4,33.333333333333336
Predicted,0,1,1,050.0
Efficacy,0,1,2,33.333333333333336
Melinta,0,2,0,100.0
Infectious,0,2,0,100.0
Disease,2,10,15,44.44444444444444
Medicines,0,2,0,100.0
MLNT,0,2,0,100.0
Since,3,5,5,61.53846153846154
Last,1,5,6,050.0
Earnings,3,16,17,52.77777777777778
Report,6,8,19,42.42424242424242
Osisko,0,2,2,050.0
Intersects,1,5,7,46.15384615384615
Metres,2,11,13,050.0
Lynx,0,1,0,100.0
Sportswear,0,1,1,050.0
COLM,0,1,1,050.0
SRGs,0,1,1,050.0
Graphite,1,2,1,075.0
Excellent,0,1,1,050.0
Electrochemical,0,1,1,050.0
Characteristics,0,1,1,050.0
DriveScale,2,2,0,100.0
Asia,2,2,0,100.0
Growing,1,1,0,100.0
Composable,1,1,0,100.0
Infrastructure,1,3,2,66.66666666666667
Former,3,1,4,050.0
Japan,2,3,0,100.0
Unlocking,1,1,0,100.0
Promise,1,1,0,100.0
OMVS,0,3,2,060.0
Robotic,0,5,3,062.5
Assistance,0,3,2,060.0
Second,3,12,10,060.0
Robot,0,1,1,050.0
Deployment,0,1,1,050.0
Romeo,0,1,1,050.0
Peapack,0,2,0,100.0
Gladstone,0,2,2,050.0
Christian,0,1,0,100.0
Gaudioso,0,1,0,100.0
Underwriter,0,1,0,100.0
Filing,1,1,3,040.0
Preliminary,0,0,6,000.0
Short,1,0,2,33.333333333333336
Form,1,1,4,33.333333333333336
Prospectus,0,0,1,000.0
related,0,0,1,000.0
proposed,0,0,1,000.0
Flow,2,1,2,060.0
Through,1,1,3,040.0
Landec,0,1,1,050.0
Reiterates,0,1,1,050.0
Guidance,5,6,6,64.70588235294117
Lowers,0,1,1,050.0
Impact,0,1,1,050.0
Extreme,0,1,1,050.0
Weather,0,1,1,050.0
Events,0,1,2,33.333333333333336
LNDC,0,1,1,050.0
Common,7,21,20,58.333333333333336
IBTX,2,0,2,050.0
Ansira,0,2,0,100.0
Drive,0,3,1,075.0
Customer,0,5,3,062.5
Loyalty,0,3,1,075.0
Engagement,0,2,0,100.0
AMSC,0,2,2,050.0
Orders,0,5,8,38.46153846153846
Tautachrome,0,0,2,000.0
Start,2,0,2,050.0
Date,0,1,3,025.0
Details,0,0,2,000.0
Cryptotoken,0,0,2,000.0
Sale,0,3,10,23.076923076923077
Other,12,16,30,48.275862068965516
TTCM,0,0,2,000.0
Spring,1,1,0,100.0
Savings,1,1,0,100.0
Domination,1,1,0,100.0
Spirit,1,3,0,100.0
Airlines,2,14,3,84.21052631578948
Eleven,1,1,0,100.0
Routes,1,1,0,100.0
Seasons,1,1,0,100.0
Hottest,1,1,0,100.0
Destinations,1,2,0,100.0
SAVE,1,2,0,100.0
Chipotle,2,0,0,100.0
founder,2,0,0,100.0
investor,2,1,0,100.0
patience,2,0,0,100.0
expires,2,0,0,100.0
10h56,0,0,2,000.0
signe,0,0,2,000.0
avec,0,0,2,000.0
CemAir,0,0,2,000.0
commande,0,0,2,000.0
deux,0,0,2,000.0
nouveaux,0,0,2,000.0
avions,0,0,2,000.0
Q400,0,0,2,000.0
Expiration,1,1,2,050.0
Tender,0,1,4,020.0
Offer,0,2,3,040.0
Sherwin,0,1,1,050.0
Williams,2,2,2,66.66666666666667
Poised,0,1,1,050.0
Valspar,0,1,1,050.0
Buyout,0,1,1,050.0
Cuts,0,1,1,050.0
Renewable,1,3,0,100.0
Participate,2,8,12,45.45454545454545
ROTH,1,1,0,100.0
Industrial,1,3,1,080.0
Cleantech,1,1,0,100.0
REGI,1,1,0,100.0
Total,0,3,5,037.5
Increased,0,1,2,33.333333333333336
Card,0,1,1,050.0
Link,2,6,3,72.72727272727273
Offers,0,1,2,33.333333333333336
Vertical,0,1,1,050.0
Pediapharm,0,1,1,050.0
Death,1,1,1,66.66666666666667
Director,1,4,6,45.45454545454545
Sprint,1,0,1,050.0
There,1,2,2,060.0
Reason,1,0,1,050.0
SoftBank,1,0,1,050.0
Would,2,0,1,66.66666666666667
Want,1,0,1,050.0
Asks,1,0,1,050.0
BTIG,1,0,1,050.0
Relocation,0,0,1,000.0
Corporate,0,2,2,050.0
Headquarters,0,2,2,050.0
Midtown,0,0,1,000.0
Manhattan,0,0,1,000.0
Workday,0,0,1,000.0
Subscription,0,1,2,33.333333333333336
Churchill,0,1,0,100.0
Downs,0,1,0,100.0
Incorporated,0,1,0,100.0
Fish,0,1,0,100.0
Aristocrat,0,1,0,100.0
CHDN,0,1,0,100.0
Cesca,0,1,0,100.0
Public,7,9,15,51.61290322580645
shares,0,2,0,100.0
KOOL,0,1,0,100.0
Aeglea,0,1,0,100.0
BioTherapeutics,0,1,0,100.0
Doses,1,1,1,66.66666666666667
Pediatric,0,3,2,060.0
Arginase,0,1,0,100.0
Deficiency,0,1,2,33.333333333333336
Pegzilarginase,0,1,0,100.0
AEB1102,0,1,0,100.0
AGLE,0,1,0,100.0
Univest,0,0,1,000.0
UVSP,0,0,1,000.0
Semtech,3,5,6,57.142857142857146
SMTC,3,5,6,57.142857142857146
Newtek,0,0,1,000.0
Rated,0,0,1,000.0
Small,0,0,3,000.0
Loan,0,5,12,29.41176470588235
Securitization,0,2,4,33.333333333333336
NEWT,0,0,1,000.0
MobiCard,0,2,2,050.0
Commencement,1,5,2,075.0
Trading,0,1,2,33.333333333333336
Strategy,0,3,0,100.0
Cryptocurrency,0,3,3,050.0
MobiCoin,0,2,2,050.0
Broadcasting,0,0,1,000.0
Subsidiary,2,6,9,47.05882352941177
Azteca,0,0,1,000.0
America,2,1,7,030.0
HCHC,0,0,1,000.0
Trius,0,1,0,100.0
Shareholder,2,3,0,100.0
Turbo,1,0,0,100.0
announced,1,2,1,075.0
initial,1,0,0,100.0
launch,1,0,0,100.0
Millisecond,1,0,0,100.0
Create,1,2,8,27.272727272727273
Cloud,0,4,4,050.0
Connected,0,0,5,000.0
Embedded,0,0,1,000.0
Microchip,1,3,7,36.36363636363637
Expanded,0,0,1,000.0
Offerings,0,0,1,000.0
MCHP,0,0,1,000.0
Adamis,0,0,1,000.0
Submits,0,1,3,025.0
Prior,1,2,2,060.0
Approval,1,7,12,040.0
Supplement,0,2,2,050.0
Version,0,0,1,000.0
Symjepi,0,0,1,000.0
ADMP,0,0,1,000.0
Focus,2,5,7,050.0
Drives,1,3,12,025.0
Metrics,1,3,6,040.0
Gulf,1,0,1,050.0
Coast,0,0,1,000.0
Cowen,0,0,1,000.0
EXXI,0,0,1,000.0
Science,1,5,6,050.0
Negotiations,0,3,6,33.333333333333336
Nanoderm,0,3,6,33.333333333333336
Distribution,2,8,7,58.8235294117647
Three,4,9,16,44.827586206896555
Countries,0,3,6,33.333333333333336
Seropositive,0,3,6,33.333333333333336
AIDS,0,3,6,33.333333333333336
ETST,0,3,6,33.333333333333336
Advantex,0,0,1,000.0
Great,2,6,2,080.0
Lakes,2,5,2,77.77777777777777
Changes,2,9,11,050.0
GLDD,2,5,2,77.77777777777777
Nine,0,5,5,050.0
Months,2,9,11,050.0
Declares,1,8,11,045.0
Expected,0,5,5,050.0
revenues,0,5,7,41.666666666666664
completion,0,5,5,050.0
growth,0,12,12,050.0
program,0,6,6,050.0
charters,0,5,5,050.0
bring,1,5,6,050.0
fleet,1,6,8,46.666666666666664
long,0,5,5,050.0
term,0,5,5,050.0
contracts,0,5,6,45.45454545454545
minimum,0,5,5,050.0
backlog,0,5,5,050.0
Teladoc,0,1,2,33.333333333333336
TDOC,0,1,2,33.333333333333336
Kite,0,0,1,000.0
Quarterly,3,17,13,60.60606060606061
TRACON,2,0,1,66.66666666666667
TRC105,2,0,0,100.0
Opdivo,1,0,0,100.0
Lung,1,2,0,100.0
TCON,2,0,1,66.66666666666667
Factors,2,11,13,050.0
Influence,2,11,13,050.0
Indicators,1,3,6,040.0
Opportunity,1,4,6,45.45454545454545
Duke,1,3,6,040.0
Dana,1,3,6,040.0
Property,2,5,10,41.1764705882353
Cerner,1,3,6,040.0
Emphasizes,1,3,6,040.0
Economic,1,3,15,21.05263157894737
MoneyTrac,1,2,6,33.333333333333336
PotSaver,1,2,6,33.333333333333336
Networking,1,3,6,040.0
Cannabis,4,5,14,39.130434782608695
Businesses,1,3,6,040.0
GOHE,1,2,6,33.333333333333336
LexaGene,0,1,4,020.0
Prototype,0,1,4,020.0
Assembly,0,1,4,020.0
Soon,0,1,4,020.0
Fully,0,1,4,020.0
Automated,0,1,4,020.0
Access,0,1,4,020.0
Pathogen,0,1,4,020.0
Detection,0,1,4,020.0
Landmark,2,2,6,040.0
asthma,4,4,12,040.0
study,2,3,7,41.666666666666664
demonstrates,2,2,6,040.0
device,2,2,6,040.0
choice,2,2,6,040.0
determines,2,2,6,040.0
control,2,7,9,050.0
TransAtlantic,0,0,1,000.0
Drilling,0,3,5,037.5
Entry,2,7,6,060.0
Term,2,7,10,47.36842105263158
Pledge,0,0,1,000.0
Dividends,2,6,3,72.72727272727273
Preferred,2,6,7,53.333333333333336
Liberty,1,1,1,66.66666666666667
Financing,0,5,3,062.5
Lease,0,8,3,72.72727272727273
Delivery,1,3,4,050.0
Airbus,1,1,1,66.66666666666667
A350,0,1,0,100.0
Aircraft,0,2,0,100.0
Malaysia,0,3,0,100.0
Berhad,0,1,0,100.0
CHFS,0,5,5,050.0
Costco,0,1,2,33.333333333333336
Wholesale,0,1,2,33.333333333333336
Sales,1,8,31,022.5
COST,0,1,2,33.333333333333336
Publication,6,7,15,46.42857142857143
Summarizes,1,3,5,44.44444444444444
Studies,1,3,5,44.44444444444444
2127107,1,3,5,44.44444444444444
Showing,3,3,8,42.857142857142854
Tolerability,1,3,5,44.44444444444444
Amplification,1,3,5,44.44444444444444
Skeletal,1,3,5,44.44444444444444
Muscle,1,3,5,44.44444444444444
Response,1,3,5,44.44444444444444
Nerve,1,3,6,040.0
Activation,1,3,5,44.44444444444444
CYTK,1,3,5,44.44444444444444
Umpqua,2,6,12,040.0
Formation,1,3,6,040.0
UMPQ,1,3,6,040.0
Portola,0,7,6,53.84615384615385
Betrixaban,0,5,5,050.0
Andexanet,0,5,5,050.0
Alfa,0,5,5,050.0
Cerdulatinib,0,5,5,050.0
PTLA,0,7,6,53.84615384615385
Cumulus,0,0,1,000.0
Restructuring,0,2,2,050.0
CMLSQ,0,0,1,000.0
Final,3,4,6,53.84615384615385
Innovation,3,3,5,54.54545454545455
Oral,3,6,5,64.28571428571429
Prurisol,3,3,4,060.0
Psoriasis,3,3,4,060.0
IPIX,3,3,4,060.0
Reservations,2,5,2,77.77777777777777
Cryptolus,2,5,2,77.77777777777777
Burgeoning,2,5,2,77.77777777777777
BitCoin,2,5,2,77.77777777777777
Better,0,2,3,040.0
ended,0,6,9,040.0
BOSC,0,2,3,040.0
MagneGas,0,2,8,020.0
Achieve,0,2,8,020.0
ESSI,0,2,8,020.0
Force,0,2,8,020.0
Adds,0,2,11,15.384615384615385
Industry,0,4,11,26.666666666666668
Executives,0,2,8,020.0
Accelerate,0,4,11,26.666666666666668
Nathaniel,1,2,6,33.333333333333336
Joins,3,6,17,34.61538461538461
Innovative,1,2,6,33.333333333333336
Food,2,6,7,53.333333333333336
Holdings,4,13,23,042.5
IVFH,1,2,6,33.333333333333336
Alliance,2,7,6,060.0
Activision,1,6,2,77.77777777777777
Blizzard,1,6,2,77.77777777777777
Caterpillar,1,6,2,77.77777777777777
McDermott,1,7,4,66.66666666666667
International,5,24,19,60.416666666666664
Major,2,13,13,53.57142857142857
Initiatives,1,8,6,060.0
Sustained,1,8,6,060.0
Welcomes,0,1,0,100.0
Brands,0,3,4,42.857142857142854
Agency,0,2,1,66.66666666666667
VIPs,0,1,0,100.0
Signature,1,2,1,075.0
regional,0,1,0,100.0
players,0,1,0,100.0
convene,0,1,0,100.0
showcases,0,1,0,100.0
debate,0,1,0,100.0
Hotel,0,1,0,100.0
Beach,0,1,0,100.0
Altisource,0,0,1,000.0
Residential,0,2,2,050.0
Rental,0,2,3,040.0
Homes,0,0,2,000.0
Exceeds,0,0,1,000.0
RESI,0,0,1,000.0
Titan,1,7,8,050.0
Machinery,0,3,6,33.333333333333336
Ended,1,6,13,035.0
October,0,5,7,41.666666666666664
TITN,0,3,6,33.333333333333336
INET,0,3,7,030.0
regarding,0,3,8,27.272727272727273
Securitized,0,3,7,030.0
Derivatives,0,3,7,030.0
Maker,0,3,7,030.0
effective,0,3,7,030.0
WENDEL,0,2,7,22.22222222222222
asset,0,2,9,18.181818181818183
share,2,2,8,33.333333333333336
last,0,2,8,020.0
months,1,2,9,025.0
Portfolios,0,0,2,000.0
Termination,0,0,2,000.0
Systematic,0,0,1,000.0
Plan,3,5,4,66.66666666666667
Freeze,1,2,2,060.0
Fundraising,1,2,2,060.0
Donation,1,2,2,060.0
Diabetes,1,2,2,060.0
Awareness,1,2,2,060.0
FRZT,1,2,2,060.0
Applied,0,3,1,075.0
Habitat,0,1,0,100.0
Humanity,0,1,0,100.0
Hurricane,0,1,0,100.0
Recovery,0,1,0,100.0
Efforts,0,1,0,100.0
Achaogen,0,5,5,050.0
Guggenheim,2,7,11,045.0
Securities,1,9,15,040.0
Healthcare,5,26,30,50.81967213114754
AKAO,0,5,5,050.0
Fintech,1,3,5,44.44444444444444
Select,1,4,5,050.0
Reduction,2,3,5,050.0
Working,1,3,5,44.44444444444444
Deficit,1,3,5,44.44444444444444
FTEC,1,3,5,44.44444444444444
Amphastar,0,1,0,100.0
Medroxyprogesterone,0,1,0,100.0
Acetate,0,1,0,100.0
Injectable,0,1,0,100.0
Suspension,0,2,0,100.0
AMPH,0,1,0,100.0
Perry,0,1,2,33.333333333333336
Ellis,0,1,2,33.333333333333336
PERY,0,1,2,33.333333333333336
Split,0,0,2,000.0
Treasury,2,0,1,66.66666666666667
CannabisNewsWire,2,2,6,040.0
Discussing,2,2,6,040.0
Marketplace,2,2,7,36.36363636363637
STMicroelectronics,0,1,0,100.0
Collaborates,0,3,1,075.0
Complete,1,4,4,55.55555555555556
STM32,0,1,0,100.0
Based,0,4,6,040.0
Node,0,1,0,100.0
Solution,0,1,2,33.333333333333336
FreeRTOS,0,1,0,100.0
Paris,0,8,3,72.72727272727273
Instruments,0,4,6,040.0
Voluntary,0,4,6,040.0
Prepayment,0,4,6,040.0
MKSI,0,4,6,040.0
PennantPark,0,1,1,050.0
PNNT,0,0,1,000.0
WestRock,0,1,0,100.0
Webcast,0,1,1,050.0
Enbridge,1,1,2,050.0
Confirms,0,0,1,000.0
2020,2,0,5,28.571428571428573
Laurentian,3,2,5,050.0
announce,3,2,5,050.0
fourth,3,2,6,45.45454545454545
quarter,3,6,12,42.857142857142854
fiscal,3,3,6,050.0
results,3,7,11,47.61904761904762
SilverCrest,0,6,4,060.0
Bought,0,6,4,060.0
Deal,1,8,9,050.0
Placement,5,23,27,50.90909090909091
Long,1,3,2,66.66666666666667
Nabriva,1,2,6,33.333333333333336
NBRV,1,2,6,33.333333333333336
Dorchester,0,0,1,000.0
Minerals,1,2,4,42.857142857142854
Managers,0,0,1,000.0
DMLP,0,0,1,000.0
1031,0,2,0,100.0
Delaware,0,1,0,100.0
Statutory,0,1,0,100.0
Announcement,1,2,0,100.0
Completed,0,3,0,100.0
period,2,4,7,46.15384615384615
Oslo,0,6,10,037.5
GOLP01,0,4,6,040.0
Avis,0,3,1,075.0
Budget,1,4,2,71.42857142857143
March,0,1,0,100.0
Towards,1,4,6,45.45454545454545
Mobility,0,1,0,100.0
With,5,17,31,41.509433962264154
Kansas,0,1,0,100.0
City,0,4,2,66.66666666666667
Pegasystems,0,2,3,040.0
Earns,0,1,0,100.0
Award,1,2,3,050.0
Consecutive,0,3,2,060.0
PEGA,0,1,1,050.0
Plexus,0,0,1,000.0
Presentation,1,1,1,66.66666666666667
37th,0,0,1,000.0
London,0,0,2,000.0
PLXS,0,0,1,000.0
Symphony,0,0,1,000.0
Care,1,4,8,38.46153846153846
Channel,0,0,1,000.0
Cherokee,0,0,3,000.0
Announce,1,9,5,66.66666666666667
CHKE,0,0,3,000.0
Marijuana,2,1,5,037.5
HoneyB,1,1,5,28.571428571428573
Healthy,1,1,5,28.571428571428573
Living,1,1,5,28.571428571428573
BeniHemp,1,1,5,28.571428571428573
Brand,1,1,5,28.571428571428573
PulteGroup,0,1,0,100.0
Bronze,0,1,0,100.0
Brandon,0,1,0,100.0
Hall,0,1,0,100.0
Excellence,0,1,1,050.0
Awards,1,1,2,050.0
Blended,0,1,0,100.0
FAGI,2,2,2,66.66666666666667
Grupo,0,1,0,100.0
Richard,0,1,0,100.0
Glitch,0,4,6,040.0
world,0,4,6,040.0
biggest,0,4,6,040.0
airline,0,4,6,040.0
could,0,4,6,040.0
festive,0,4,6,040.0
flights,0,4,6,040.0
grounded,0,4,6,040.0
employees,0,1,3,025.0
federal,0,1,0,100.0
court,0,1,0,100.0
uniform,0,1,0,100.0
lawsuit,1,2,5,037.5
Novo,1,3,6,040.0
Earn,1,3,6,040.0
Artemis,1,3,6,040.0
BioTelemetry,0,4,6,040.0
Provide,0,6,8,42.857142857142854
Cardiac,0,4,6,040.0
Apples,0,4,6,040.0
Heart,0,4,7,36.36363636363637
BEAT,0,4,6,040.0
SMART,0,4,6,040.0
Secondary,0,4,6,040.0
Ordinary,0,4,6,040.0
ConocoPhillips,3,3,4,060.0
Down,3,3,4,060.0
Rebound,4,4,4,66.66666666666667
Avivagen,2,1,7,030.0
Totaling,2,1,8,27.272727272727273
Intellipharmaceutics,2,3,4,55.55555555555556
Strengths,2,3,4,55.55555555555556
Generic,2,3,4,55.55555555555556
Focalin,2,3,4,55.55555555555556
Pharmaceutical,2,8,8,55.55555555555556
IPCI,2,3,4,55.55555555555556
Respons,0,2,0,100.0
acquires,0,1,1,050.0
EPOS,0,1,0,100.0
Germany,0,1,2,33.333333333333336
strengthening,0,1,0,100.0
position,0,1,0,100.0
industrial,0,1,0,100.0
digitalization,0,1,0,100.0
services,0,2,2,050.0
FuelCell,0,1,0,100.0
Toyota,0,1,1,050.0
Transportation,0,1,2,33.333333333333336
FCEL,0,1,0,100.0
Ways,1,0,0,100.0
Regulus,1,4,5,050.0
Steps,1,4,6,45.45454545454545
AntaKori,1,4,5,050.0
Peru,1,4,5,050.0
Stocks,3,4,7,050.0
Watch,3,3,4,060.0
Thursday,5,4,8,52.94117647058823
Jack,3,3,4,060.0
JACK,3,3,4,060.0
Juniper,3,3,4,060.0
Networks,3,8,7,61.111111111111114
JNPR,3,3,4,060.0
SOITEC,0,14,6,070.0
ANNOUNCES,1,8,4,69.23076923076923
SUBSTRATE,0,7,3,070.0
BREAKTHROUGH,0,7,3,070.0
IMAGE,0,7,3,070.0
SENSING,0,7,3,070.0
DEVICES,0,7,3,070.0
Prognos,1,3,6,040.0
Raises,1,3,7,36.36363636363637
Predicting,1,3,6,040.0
Earliest,1,3,6,040.0
Trade,1,4,4,55.55555555555556
Netflix,1,4,4,55.55555555555556
Nearing,1,4,4,55.55555555555556
Spot,1,4,4,55.55555555555556
Again,1,4,4,55.55555555555556
Denbury,1,5,4,060.0
Note,1,5,4,060.0
Agreements,1,8,4,69.23076923076923
Santa,2,3,2,71.42857142857143
Begin,3,4,3,070.0
Matter,2,3,2,71.42857142857143
Weeks,2,3,2,71.42857142857143
Silver,2,5,4,63.63636363636363
Significant,2,8,6,062.5
Grade,2,4,4,060.0
Tailings,2,3,2,71.42857142857143
Acquisitions,2,4,4,060.0
make,2,3,3,062.5
announcements,2,3,2,71.42857142857143
soon,2,3,2,71.42857142857143
SFEG,2,3,2,71.42857142857143
Capitalising,0,2,5,28.571428571428573
combined,0,2,5,28.571428571428573
strengths,0,2,5,28.571428571428573
Kraken,1,0,1,050.0
Positive,2,5,7,050.0
Expects,1,0,2,33.333333333333336
Professional,0,0,2,000.0
Diversity,0,0,2,000.0
Sells,0,0,3,000.0
History,0,0,2,000.0
IPDN,0,0,2,000.0
Senate,0,1,1,050.0
approves,0,1,1,050.0
victory,0,1,1,050.0
Trump,0,1,2,33.333333333333336
Presents,1,1,1,66.66666666666667
Programming,1,0,1,050.0
Provisioning,1,0,1,050.0
Foundation,2,1,2,060.0
joins,2,0,1,66.66666666666667
expertise,1,0,1,050.0
silicon,1,0,1,050.0
provisioning,1,0,1,050.0
data,2,1,2,060.0
programming,1,0,1,050.0
manufacturing,1,0,1,050.0
processes,1,0,1,050.0
ecosystem,1,0,1,050.0
Does,2,5,2,77.77777777777777
Express,2,5,2,77.77777777777777
Scripts,2,5,2,77.77777777777777
Nicely,2,5,2,77.77777777777777
Altair,1,3,5,44.44444444444444
ALTR,1,3,5,44.44444444444444
Catalyst,3,3,8,42.857142857142854
Previously,1,1,7,22.22222222222222
Announced,1,1,7,22.22222222222222
CPRX,1,0,7,012.5
Indexes,0,4,5,44.44444444444444
Take,0,5,7,41.666666666666664
Surprise,0,4,5,44.44444444444444
Derail,0,4,5,44.44444444444444
This,0,8,5,61.53846153846154
Rally,1,4,6,45.45454545454545
Aegean,4,3,2,77.77777777777777
Marine,4,3,2,77.77777777777777
Secured,4,3,2,77.77777777777777
Borrowing,4,3,2,77.77777777777777
Base,4,5,3,075.0
Multicurrency,4,3,2,77.77777777777777
Revolving,4,3,2,77.77777777777777
Celldex,1,3,5,44.44444444444444
Initiates,3,7,9,52.63157894736842
Candidate,1,3,5,44.44444444444444
1140,1,3,5,44.44444444444444
Tumors,1,3,5,44.44444444444444
CLDX,1,3,5,44.44444444444444
Closes,0,2,5,28.571428571428573
Subscribed,0,0,1,000.0
Convertible,0,0,3,000.0
year,4,8,12,050.0
Continued,0,6,6,050.0
broad,0,6,3,66.66666666666667
strength,0,6,3,66.66666666666667
across,0,7,3,070.0
geographies,0,6,3,66.66666666666667
Ambarella,0,4,5,44.44444444444444
AMBA,0,4,5,44.44444444444444
Fazal,0,3,6,33.333333333333336
Merchant,0,3,6,33.333333333333336
Ryman,0,3,6,33.333333333333336
Hospitality,0,5,6,45.45454545454545
IMPORTANT,1,1,4,33.333333333333336
ACORDA,0,0,2,000.0
THERAPEUTICS,0,0,2,000.0
INVESTOR,1,1,4,33.333333333333336
Wolf,1,1,5,28.571428571428573
Haldenstein,1,1,5,28.571428571428573
Adler,1,1,5,28.571428571428573
Freeman,1,1,5,28.571428571428573
Herz,1,1,5,28.571428571428573
securities,1,1,5,28.571428571428573
class,1,1,5,28.571428571428573
action,1,1,5,28.571428571428573
been,1,1,5,28.571428571428573
filed,1,1,5,28.571428571428573
Court,1,2,5,037.5
Southern,0,1,4,020.0
York,1,2,3,050.0
behalf,1,1,5,28.571428571428573
investors,1,1,6,025.0
purchased,0,0,5,000.0
suffered,1,1,4,33.333333333333336
losses,1,1,4,33.333333333333336
Acorda,0,0,3,000.0
Drill,0,2,2,050.0
Multiple,0,3,2,060.0
Intercepts,0,1,1,050.0
Saddle,0,1,1,050.0
Intersecting,0,1,1,050.0
Hole,0,1,1,050.0
TTD045,0,1,1,050.0
Uptick,0,3,2,060.0
Newswire,0,3,2,060.0
Interviews,0,3,2,060.0
Progressive,1,2,1,075.0
Success,0,3,4,42.857142857142854
RXMD,1,2,1,075.0
Jolla,0,1,2,33.333333333333336
Initiation,1,0,4,020.0
Pivotal,0,2,2,050.0
LJPC401,0,0,2,000.0
Beta,0,0,2,000.0
Thalassemia,0,1,2,33.333333333333336
LJPC,0,1,2,33.333333333333336
Tiffany,0,0,2,000.0
Estimates,0,0,2,000.0
View,0,0,2,000.0
Intact,0,0,2,000.0
Rennova,0,0,2,000.0
Fork,0,0,2,000.0
Medical,5,7,8,060.0
Center,0,1,8,11.11111111111111
Received,0,0,2,000.0
Payments,0,0,2,000.0
Provided,0,0,2,000.0
Ramco,2,4,2,075.0
Gershenson,2,4,2,075.0
Reliant,0,1,1,050.0
Clarifies,0,1,1,050.0
Press,0,1,1,050.0
Adding,0,1,1,050.0
Detailed,0,1,7,012.5
Assay,0,1,1,050.0
Summer,0,1,1,050.0
Statement,0,0,2,000.0
Claim,0,0,2,000.0
Clients,0,0,2,000.0
Achieving,0,0,2,000.0
Excess,0,0,2,000.0
Nanometrics,0,1,1,050.0
Expansion,2,5,6,53.84615384615385
IMPULSE,0,1,1,050.0
Integrated,0,4,2,66.66666666666667
Metrology,0,1,1,050.0
NAND,0,1,1,050.0
Interconnect,0,1,1,050.0
Process,0,1,1,050.0
Control,0,3,4,42.857142857142854
NANO,0,1,1,050.0
Huffington,0,3,6,33.333333333333336
wellness,0,3,6,33.333333333333336
raises,0,3,6,33.333333333333336
Arrivals,0,0,2,000.0
Fresh,0,0,2,000.0
Inspiration,0,0,2,000.0
Tile,0,0,2,000.0
Shop,0,0,2,000.0
Introduces,0,0,2,000.0
More,0,4,6,040.0
Than,0,1,3,025.0
Debuts,0,0,2,000.0
Design,1,3,6,040.0
Catalog,0,0,2,000.0
Wabtec,0,1,1,050.0
Melett,0,1,1,050.0
Supplier,0,1,1,050.0
Turbocharger,0,1,1,050.0
Aftermarket,0,1,1,050.0
Trinidad,0,1,3,025.0
Platinex,0,1,2,33.333333333333336
Sarepta,0,0,2,000.0
Inducement,1,0,5,16.666666666666668
Under,1,1,8,020.0
Listing,1,2,5,037.5
Rule,0,0,4,000.0
5635,0,0,4,000.0
SRPT,0,0,2,000.0
Rush,1,1,0,100.0
Adopts,1,1,0,100.0
Repurchase,1,2,1,075.0
RUSHA,1,1,0,100.0
Atlas,0,0,2,000.0
Engineered,0,0,2,000.0
Clinton,0,0,2,000.0
Truss,0,0,2,000.0
Located,0,0,2,000.0
Ontario,0,0,2,000.0
OTCPK,1,0,1,050.0
Retirement,1,0,1,050.0
Majority,1,1,2,050.0
Dollar,2,1,1,075.0
futures,0,1,2,33.333333333333336
gain,0,1,1,050.0
progress,0,1,3,025.0
InterDigital,1,0,1,050.0
Electronics,1,0,1,050.0
Sign,4,1,2,71.42857142857143
IDCC,1,0,1,050.0
Commercial,1,4,6,45.45454545454545
Columbus,0,0,2,000.0
Salt,0,0,2,000.0
Lake,0,2,8,020.0
GOOD,0,0,2,000.0
OVASCIENCE,0,0,2,000.0
Massachusetts,0,0,3,000.0
OvaScience,0,0,2,000.0
Autodesk,1,0,1,050.0
Overblown,1,0,1,050.0
Comprehensive,1,4,5,050.0
Pharmacy,0,0,3,000.0
AssistRx,0,0,2,000.0
Bring,0,0,2,000.0
Caret,0,0,2,000.0
Hospital,0,1,2,33.333333333333336
Selects,2,1,1,075.0
Medication,0,1,2,33.333333333333336
Therapy,0,0,6,000.0
Nationwide,0,0,1,000.0
Perspectives,0,0,6,000.0
TiVo,0,0,2,000.0
Lilly,0,0,2,000.0
Rigel,0,0,2,000.0
SpartanNash,0,0,2,000.0
Nustar,0,1,2,33.333333333333336
Hornbeck,0,0,2,000.0
Offshore,1,0,3,025.0
Today,3,1,11,26.666666666666668
Competitive,0,0,6,000.0
Landscape,0,0,6,000.0
Interstate,1,3,2,66.66666666666667
Knights,1,1,1,66.66666666666667
LoanSphere,1,1,1,66.66666666666667
Servicing,1,1,1,66.66666666666667
Banks,1,3,3,57.142857142857146
Relationship,1,1,1,66.66666666666667
Yields,2,0,0,100.0
Verisk,1,1,1,66.66666666666667
PowerAdvocate,1,0,1,050.0
VRSK,1,1,1,66.66666666666667
Globus,2,0,0,100.0
Superiority,2,0,0,100.0
SECURE,2,0,0,100.0
ACDF,2,0,0,100.0
Seven,2,0,0,100.0
Years,2,0,0,100.0
GMED,2,0,0,100.0
Streetwise,2,4,3,66.66666666666667
Examines,2,4,3,66.66666666666667
Permian,1,0,0,100.0
Basin,1,1,1,66.66666666666667
Acreage,1,0,0,100.0
Eliminate,2,2,1,080.0
Capex,1,0,0,100.0
Retrophin,0,0,2,000.0
Prescriptions,0,1,3,025.0
RTRX,0,0,2,000.0
InspireMD,0,1,1,050.0
CGuard,0,1,1,050.0
Australia,0,3,1,075.0
Zealand,0,1,0,100.0
Vietnam,0,1,0,100.0
NSPR,0,1,1,050.0
Washington,0,4,6,040.0
REIT,0,5,5,050.0
Calls,0,4,5,44.44444444444444
Skechers,0,0,3,000.0
Mustang,0,0,1,000.0
Harvard,0,0,1,000.0
University,0,0,2,000.0
Collaboration,0,2,3,040.0
Beth,0,0,1,000.0
Israel,0,1,1,050.0
Deaconess,0,0,1,000.0
Develop,0,2,3,040.0
CRISPR,0,3,1,075.0
Cas9,0,0,1,000.0
Enhanced,0,0,1,000.0
Therapies,0,0,1,000.0
MBIO,0,0,1,000.0
rises,0,0,2,000.0
record,0,0,2,000.0
rest,0,0,2,000.0
market,0,0,3,000.0
rolls,0,0,2,000.0
tech,0,1,2,33.333333333333336
woes,0,0,2,000.0
Aton,0,1,2,33.333333333333336
Discovery,0,1,3,025.0
Mineralized,0,0,2,000.0
Zone,0,0,3,000.0
Bohlog,0,0,2,000.0
Prospect,0,0,2,000.0
Assays,0,1,2,33.333333333333336
Grading,0,0,2,000.0
Franchise,1,1,2,050.0
Exclusive,1,5,5,54.54545454545455
FNHI,1,1,2,050.0
Keyera,1,0,1,050.0
Provision,1,1,3,040.0
Holding,1,2,9,025.0
PVHO,1,1,3,040.0
MacB,1,0,1,050.0
Cybersecurity,1,0,1,050.0
Information,1,1,5,28.571428571428573
Task,1,0,1,050.0
Order,3,3,7,46.15384615384615
Image,0,2,5,28.571428571428573
Protect,0,2,2,050.0
Historic,0,1,1,050.0
Rise,0,1,1,050.0
Active,0,1,1,050.0
Infringement,0,3,4,42.857142857142854
Cases,0,1,1,050.0
Ahead,0,1,1,050.0
IMTL,0,2,2,050.0
BioLargo,0,0,1,000.0
Disruptive,0,0,1,000.0
Water,0,0,1,000.0
Advanced,0,2,2,050.0
Wound,0,0,1,000.0
BLGO,0,0,1,000.0
Diverse,1,0,2,33.333333333333336
Vestas,2,0,1,66.66666666666667
Transactions,2,0,1,66.66666666666667
connection,2,0,1,66.66666666666667
back,2,0,1,66.66666666666667
programme,3,0,1,075.0
during,2,1,1,075.0
Copenhagen,2,1,2,060.0
acquire,0,1,3,025.0
largest,0,0,3,000.0
Railenium,0,0,4,000.0
Technical,1,0,2,33.333333333333336
boosts,0,0,2,000.0
contribution,0,0,4,000.0
French,0,0,2,000.0
rail,0,0,2,000.0
sector,0,0,2,000.0
research,0,0,2,000.0
development,0,0,4,000.0
deal,0,0,1,000.0
bodes,0,0,1,000.0
expert,0,0,1,000.0
says,0,2,2,050.0
Video,4,1,4,55.55555555555556
Auction,0,2,0,100.0
Life,0,2,3,040.0
Wheels,0,2,0,100.0
11h55,0,0,2,000.0
Transport,0,0,2,000.0
rejoint,0,0,2,000.0
Institut,0,0,2,000.0
Recherche,0,0,2,000.0
Technologique,0,0,2,000.0
acclre,0,0,2,000.0
ferroviaire,0,0,2,000.0
franais,0,0,2,000.0
soutenant,0,0,2,000.0
recherche,0,0,2,000.0
service,1,1,5,28.571428571428573
comptitivit,0,0,2,000.0
filire,0,0,2,000.0
Device,1,3,6,040.0
Analysts,1,4,2,71.42857142857143
Brokered,2,4,4,060.0
Distributor,0,0,2,000.0
Providing,0,0,1,000.0
Opioids,0,0,1,000.0
Surgery,0,0,1,000.0
Follow,0,1,2,33.333333333333336
PARADIGM,0,0,1,000.0
Hovnanian,0,0,2,000.0
ArcelorMittal,0,0,1,000.0
issuance,0,0,1,000.0
Fixed,0,0,1,000.0
Rate,0,4,2,66.66666666666667
under,0,1,1,050.0
EMTN,0,0,1,000.0
Programme,0,1,1,050.0
Amsterdam,0,0,1,000.0
Should,0,1,1,050.0
Value,1,3,5,44.44444444444444
Pick,0,1,1,050.0
Cenovus,0,0,1,000.0
CBIS,2,0,6,025.0
Hearing,2,0,6,025.0
Injunction,0,0,1,000.0
Arguments,0,0,1,000.0
Disregarded,0,0,1,000.0
Joaquin,0,0,1,000.0
County,0,0,1,000.0
Jacquie,1,0,0,100.0
Smiles,1,0,0,100.0
Groupon,1,0,0,100.0
Rich,1,0,0,100.0
Opening,2,0,3,040.0
Bell,1,0,0,100.0
Holiday,1,0,3,025.0
Celebration,1,0,0,100.0
Triton,0,1,0,100.0
TRTN,0,1,0,100.0
Might,0,1,0,100.0
Chamberlain,0,0,1,000.0
Lawsuit,0,5,2,71.42857142857143
Against,0,4,4,050.0
Nortek,0,0,1,000.0
Raven,0,0,1,000.0
Industries,0,7,11,38.888888888888886
Authorizes,0,1,1,050.0
Approves,0,2,2,050.0
RAVN,0,0,1,000.0
MarketAxess,0,1,0,100.0
Volume,0,1,0,100.0
Statistics,0,1,0,100.0
MKTX,0,1,0,100.0
Smart,1,1,2,050.0
Camera,0,0,1,000.0
register,0,0,1,000.0
through,0,0,1,000.0
EMCORE,0,0,1,000.0
EMKR,0,0,1,000.0
Statoil,0,1,3,025.0
price,0,1,0,100.0
Issue,0,1,3,025.0
second,0,3,6,33.333333333333336
Scrip,0,1,0,100.0
Tabula,0,1,2,33.333333333333336
Rasa,0,1,2,33.333333333333336
HealthCare,0,1,2,33.333333333333336
TRHC,0,1,2,33.333333333333336
Venezuela,0,0,1,000.0
Maduro,0,0,1,000.0
gains,0,0,1,000.0
amid,0,0,1,000.0
purge,0,0,1,000.0
Brian,1,0,1,050.0
Daniels,0,0,1,000.0
Advisory,0,1,1,050.0
Barings,0,0,1,000.0
Duration,0,0,1,000.0
Yield,0,0,1,000.0
Fund,1,2,3,050.0
1534,0,0,1,000.0
Floating,0,1,0,100.0
Upsizes,0,1,0,100.0
PFLT,0,1,0,100.0
Brookfield,0,1,0,100.0
Reset,0,1,0,100.0
Preference,0,1,0,100.0
Agrochemical,0,0,1,000.0
Regulatory,0,0,2,000.0
Situation,0,0,1,000.0
Brazil,0,1,2,33.333333333333336
Vornado,0,1,1,050.0
Cumulative,0,1,1,050.0
Redeemable,0,1,1,050.0
Hexcel,1,0,2,33.333333333333336
Upcoming,0,2,3,040.0
Momentum,0,0,1,000.0
Regeneron,0,1,3,025.0
SunTrust,0,0,1,000.0
Interpublic,0,0,1,000.0
Companies,0,1,6,14.285714285714286
Intersect,0,0,1,000.0
Granite,0,0,1,000.0
Construction,0,1,1,050.0
Spok,0,0,1,000.0
Discovering,0,0,1,000.0
Underlying,0,0,1,000.0
Depomed,0,0,1,000.0
NUCYNTA,0,0,1,000.0
Commercialization,1,0,2,33.333333333333336
Collegium,0,1,1,050.0
DEPO,0,0,1,000.0
Connecture,1,0,0,100.0
Lindstrom,1,0,0,100.0
CNXR,1,0,0,100.0
Gendis,0,0,1,000.0
Honourable,0,1,0,100.0
Herb,0,1,0,100.0
Dhaliwal,0,1,0,100.0
Stamper,0,1,0,100.0
STMP,0,1,0,100.0
Kayne,1,2,2,060.0
Anderson,1,2,2,060.0
Midstream,1,6,4,63.63636363636363
Unaudited,0,1,3,025.0
Balance,0,0,3,000.0
Sheet,1,0,4,020.0
Coverage,0,3,5,037.5
Ratios,0,0,2,000.0
Investments,1,0,0,100.0
Motor,0,0,1,000.0
PT6A,0,0,1,000.0
140AG,0,0,1,000.0
Pratt,0,0,1,000.0
Whitney,0,1,1,050.0
entra,0,0,1,000.0
servio,0,0,1,000.0
completamente,0,0,1,000.0
problemas,0,0,1,000.0
502XP,0,0,1,000.0
Tractor,0,0,1,000.0
Return,0,1,1,050.0
BlackBerry,0,3,6,33.333333333333336
Secures,0,2,6,025.0
Indonesia,0,0,1,000.0
Sector,2,4,8,42.857142857142854
Cyberthreats,0,0,1,000.0
partnership,1,0,3,025.0
PGASCOM,0,0,1,000.0
helps,0,0,1,000.0
secure,0,0,1,000.0
Saka,0,0,1,000.0
Energi,0,0,1,000.0
software,0,2,4,33.333333333333336
EZCORP,0,0,1,000.0
Pawn,0,0,1,000.0
Stores,0,2,3,040.0
Sinaloa,0,0,1,000.0
Mexico,0,2,2,050.0
EZPW,0,0,1,000.0
Alaska,0,2,1,66.66666666666667
Federal,0,1,2,33.333333333333336
Prosperity,0,0,1,000.0
Bancshares,1,1,2,050.0
BancorpSouth,0,0,1,000.0
Turquoise,0,0,1,000.0
production,0,0,1,000.0
financial,0,0,4,000.0
guidance,0,0,3,000.0
Peregrine,1,0,0,100.0
After,1,0,1,050.0
Close,1,0,0,100.0
Toll,1,2,1,075.0
Brothers,1,2,1,075.0
Supply,0,2,2,050.0
Coupa,0,0,1,000.0
COUP,0,0,1,000.0
Galectin,0,1,0,100.0
NASH,2,1,0,100.0
GALT,0,1,0,100.0
WABCO,0,1,3,025.0
Dongfeng,0,0,1,000.0
Liuzhou,0,0,1,000.0
Strengthen,0,0,1,000.0
Extend,0,0,1,000.0
Chocolate,0,0,4,000.0
Hersheys,0,0,1,000.0
Cookie,0,0,1,000.0
Layer,0,0,1,000.0
Crunch,0,0,1,000.0
Triple,1,0,1,050.0
Flavor,0,0,1,000.0
Prostate,0,1,1,050.0
Completing,0,0,1,000.0
Post,1,0,4,020.0
Exam,0,0,1,000.0
OncBioMune,0,0,1,000.0
Immunotherapy,0,0,1,000.0
Progression,0,1,1,050.0
OBMP,0,1,1,050.0
Werner,0,0,1,000.0
Schools,0,0,1,000.0
Receive,0,0,1,000.0
Military,0,0,1,000.0
Friendly,0,0,1,000.0
WERN,0,0,1,000.0
Maroon,0,0,1,000.0
Depends,0,0,1,000.0
Album,0,0,1,000.0
Pill,0,0,1,000.0
Blues,0,0,1,000.0
AVID,0,0,1,000.0
Windfall,0,0,1,000.0
ImmuDyne,0,0,1,000.0
Amilya,0,0,1,000.0
Antonetti,0,0,1,000.0
Digital,2,4,4,060.0
Strategist,0,0,1,000.0
IMMD,0,0,1,000.0
Broadwind,0,0,1,000.0
Roth,0,0,1,000.0
BWEN,0,0,1,000.0
River,1,0,0,100.0
Omnify,1,0,0,100.0
Seamless,1,2,1,075.0
Communication,1,0,0,100.0
Owens,0,0,1,000.0
Corning,0,0,1,000.0
Pacific,0,0,1,000.0
Western,0,1,1,050.0
Craft,0,0,1,000.0
Brew,0,0,1,000.0
Cybercriminals,1,0,0,100.0
Switching,1,0,0,100.0
Impersonation,1,0,0,100.0
Attacks,1,0,0,100.0
Bypass,1,0,0,100.0
MIME,1,1,2,050.0
Amarantus,2,3,2,71.42857142857143
Elto,0,0,1,000.0
Pharma,0,0,4,000.0
European,1,1,1,66.66666666666667
Application,1,4,5,050.0
Covering,2,4,4,060.0
Method,0,0,1,000.0
Treating,0,0,1,000.0
Cognitive,0,0,1,000.0
Impairment,0,0,1,000.0
Associated,0,0,1,000.0
Alzheimer,0,1,1,050.0
Parkinson,1,1,2,050.0
disease,0,0,1,000.0
Eltoprazine,0,0,1,000.0
AMBS,2,3,2,71.42857142857143
VEREIT,0,0,1,000.0
Carnival,0,0,1,000.0
NorthWestern,0,0,1,000.0
Vocera,0,0,1,000.0
Flexion,0,1,1,050.0
NASDAQ,0,2,1,66.66666666666667
FLXN,0,1,1,050.0
CTX001,0,1,0,100.0
Gene,0,1,1,050.0
Edited,0,1,0,100.0
Medicine,1,1,4,33.333333333333336
Sickle,0,1,0,100.0
Cell,0,2,3,040.0
CRSP,0,2,0,100.0
Updated,1,1,0,100.0
Paclitaxel,1,0,0,100.0
Negative,1,0,0,100.0
Breast,2,1,0,100.0
Presented,1,0,0,100.0
Antonio,1,1,0,100.0
CALA,1,0,0,100.0
Unveils,0,0,1,000.0
Actimab,0,0,1,000.0
Planned,0,0,1,000.0
Myelodysplastic,0,0,1,000.0
Syndromes,0,0,1,000.0
Targeted,0,2,1,66.66666666666667
Genetic,0,0,1,000.0
Mutations,0,2,1,66.66666666666667
francescas,0,0,1,000.0
FRAN,0,0,1,000.0
INAP,0,0,2,000.0
Managed,0,0,1,000.0
Storage,0,0,2,000.0
Gartner,0,0,2,000.0
Lands,0,0,1,000.0
LendingClub,0,0,1,000.0
Textron,0,0,1,000.0
Allison,0,0,1,000.0
Transmission,0,1,1,050.0
Lyon,0,0,1,000.0
William,0,0,1,000.0
Korn,0,0,1,000.0
Ferry,0,0,1,000.0
Woodmark,0,0,1,000.0
FiberLight,0,0,1,000.0
Appoints,0,1,6,14.285714285714286
Leader,0,2,2,050.0
MacNeil,0,0,1,000.0
Executive,0,0,2,000.0
Philip,0,1,0,100.0
Morris,0,1,0,100.0
Lennar,0,1,0,100.0
Herc,0,1,0,100.0
Deltic,0,1,0,100.0
Timber,0,1,0,100.0
Cross,0,1,0,100.0
Country,0,1,0,100.0
AutoZone,0,0,1,000.0
Same,0,0,1,000.0
Store,0,0,2,000.0
Athabasca,0,0,1,000.0
Expiry,0,0,1,000.0
Overholding,0,0,1,000.0
Tenancy,0,0,1,000.0
Status,0,0,1,000.0
Moleculin,0,1,2,33.333333333333336
WP1066,0,0,2,000.0
Drug,2,7,5,64.28571428571429
gets,0,0,1,000.0
Brain,0,0,1,000.0
Tumor,0,0,1,000.0
Clearance,0,1,1,050.0
Namaste,1,0,0,100.0
Binding,1,0,0,100.0
Intent,1,0,0,100.0
Clinic,1,0,0,100.0
Frankfurt,1,0,0,100.0
M5BQ,1,0,0,100.0
Appian,0,0,1,000.0
Luxoft,0,0,1,000.0
Help,0,0,1,000.0
Transform,0,0,1,000.0
Digitally,0,0,1,000.0
APPN,0,0,1,000.0
Kensington,0,1,0,100.0
Premium,0,1,1,050.0
Title,0,1,0,100.0
Integration,1,2,3,050.0
Pavaso,0,1,0,100.0
eClosing,0,1,0,100.0
Lenders,0,1,0,100.0
country,0,1,0,100.0
streamline,0,1,0,100.0
mortgage,0,1,0,100.0
closing,0,1,0,100.0
process,0,1,0,100.0
improve,0,1,2,33.333333333333336
borrower,0,1,0,100.0
experience,0,1,0,100.0
Sunesis,0,0,1,000.0
Leadership,0,1,1,050.0
SNSS,0,0,1,000.0
Monsanto,0,0,1,000.0
Boundless,0,0,1,000.0
Contributions,0,0,1,000.0
Together,0,0,1,000.0
than,0,0,4,000.0
Thought,0,0,1,000.0
Leaders,0,0,1,000.0
Professionals,0,0,1,000.0
EQUITY,0,1,0,100.0
Rosen,0,1,0,100.0
Cheetah,0,1,0,100.0
Mobile,2,5,7,050.0
CMCM,0,1,0,100.0
Chembio,0,1,0,100.0
Commitment,0,2,1,66.66666666666667
Manguinhos,0,1,0,100.0
Purchase,1,4,6,45.45454545454545
Components,0,1,0,100.0
CEMI,0,1,0,100.0
Honorable,2,0,4,33.333333333333336
Judge,2,0,4,33.333333333333336
Kimberly,2,0,4,33.333333333333336
Mueller,2,0,4,33.333333333333336
Appointed,2,0,4,33.333333333333336
Barack,2,0,4,33.333333333333336
Obama,2,0,4,33.333333333333336
Temporary,2,0,4,33.333333333333336
Restraining,2,0,4,33.333333333333336
30pm,2,0,4,33.333333333333336
Courthouse,2,0,4,33.333333333333336
Street,3,1,4,050.0
Sacramento,3,0,6,33.333333333333336
believe,0,0,1,000.0
their,0,1,8,11.11111111111111
employers,0,0,1,000.0
well,0,0,1,000.0
being,0,0,1,000.0
initiatives,0,0,1,000.0
meet,0,1,1,050.0
WLTW,0,0,1,000.0
Five,0,0,2,000.0
FPRX,0,0,1,000.0
Spark,0,1,1,050.0
Hemophilia,0,3,2,060.0
Trials,0,1,0,100.0
Exposition,0,1,0,100.0
ONCE,0,1,1,050.0
Charles,0,0,1,000.0
Colvard,0,0,1,000.0
Love,0,0,1,000.0
Green,0,0,3,000.0
Live,0,1,1,050.0
Initiative,0,0,2,000.0
Rare,0,1,1,050.0
Moissanite,0,0,1,000.0
Jewelry,0,0,1,000.0
Environmental,0,1,2,33.333333333333336
Conservation,0,0,1,000.0
CTHR,0,0,1,000.0
ReachLocal,0,0,1,000.0
Indicate,0,0,1,000.0
Shopping,0,0,2,000.0
Remains,0,0,1,000.0
Popular,0,0,1,000.0
Even,0,2,2,050.0
against,0,1,2,33.333333333333336
Equifax,0,1,0,100.0
Gate,1,0,0,100.0
Ventures,1,0,0,100.0
Worldwide,1,1,1,66.66666666666667
Named,0,4,5,44.44444444444444
Magazines,0,0,1,000.0
quot,2,4,8,42.857142857142854
YRCW,0,0,1,000.0
Highland,1,0,0,100.0
Copper,1,3,2,66.66666666666667
Copperwood,1,0,0,100.0
Michigan,1,0,0,100.0
Mike,0,0,1,000.0
Wishart,0,0,1,000.0
REUSE,0,0,1,000.0
Steve,0,0,1,000.0
Warren,0,0,1,000.0
Aerojet,0,0,1,000.0
Rocketdyne,0,0,1,000.0
AJRD,0,0,1,000.0
RadNet,0,1,1,050.0
Angeles,0,1,1,050.0
RDNT,0,1,1,050.0
Pneumonia,0,1,0,100.0
Diagnostics,0,1,2,33.333333333333336
worth,1,3,3,57.142857142857146
Assessment,0,2,4,33.333333333333336
Mphasis,0,1,0,100.0
Deliver,0,3,1,075.0
Threat,0,1,0,100.0
Virtualized,0,1,0,100.0
Service,0,2,1,66.66666666666667
Customers,0,2,2,050.0
Analogic,0,0,1,000.0
ALOG,0,0,1,000.0
Outlines,0,0,1,000.0
Framework,0,0,1,000.0
Autonomous,0,1,1,050.0
Vehicles,0,0,2,000.0
Coarse,0,1,0,100.0
Bottle,0,1,0,100.0
Roll,0,1,0,100.0
Leach,0,1,0,100.0
Testing,0,1,0,100.0
Hamama,0,1,0,100.0
Oxide,0,2,0,100.0
Transitional,0,1,0,100.0
Samples,0,1,0,100.0
Average,0,1,0,100.0
Recoveries,0,1,0,100.0
Broadcom,0,0,1,000.0
AVGO,0,0,1,000.0
reports,0,1,3,025.0
improved,0,1,1,050.0
performance,0,0,1,000.0
TearLab,0,0,1,000.0
Registered,0,6,5,54.54545454545455
Direct,1,4,7,41.666666666666664
TEAR,0,0,1,000.0
Axsome,0,1,0,100.0
AXSM,0,1,0,100.0
SeaChange,0,1,0,100.0
SEAC,0,1,0,100.0
Trappsol,0,1,0,100.0
Cyclo,0,1,0,100.0
Belo,0,1,0,100.0
Appeals,0,1,0,100.0
Ruled,0,1,0,100.0
Uphold,0,1,0,100.0
Volta,0,1,0,100.0
Grande,0,1,0,100.0
Licence,0,1,1,050.0
Thune,0,0,1,000.0
need,0,0,1,000.0
keep,0,0,1,000.0
corporate,0,0,1,000.0
rate,0,0,1,000.0
Splunk,0,0,1,000.0
Sangamo,0,0,1,000.0
Sonoma,0,0,1,000.0
Coherent,0,0,1,000.0
Xenia,0,0,1,000.0
Hotels,0,4,2,66.66666666666667
Resorts,0,3,1,075.0
Career,0,0,1,000.0
Identifies,0,0,2,000.0
Citrix,0,0,1,000.0
SunCoke,0,0,1,000.0
Match,0,0,1,000.0
Overseas,0,0,1,000.0
Shipholding,0,0,1,000.0
Lantheus,0,0,1,000.0
Suburban,0,0,1,000.0
Propane,0,0,1,000.0
Calculating,0,0,1,000.0
Forward,0,0,3,000.0
Movement,0,0,1,000.0
Analyzing,0,1,0,100.0
Utilities,0,1,0,100.0
Target,0,3,1,075.0
ExGen,0,0,1,000.0
Claims,0,1,1,050.0
Staked,0,0,1,000.0
Empire,0,0,2,000.0
SMMT,0,1,1,050.0
Editas,0,0,1,000.0
EDIT,0,0,1,000.0
ABRY,0,1,0,100.0
Breakthrough,0,1,0,100.0
Discuss,0,1,0,100.0
Allocation,0,1,0,100.0
Datametrex,1,0,2,33.333333333333336
Virtual,0,2,0,100.0
Hold,0,3,1,075.0
Technologys,0,1,0,100.0
Videlica,0,1,0,100.0
Helps,0,1,0,100.0
Sizes,0,1,0,100.0
Across,0,1,0,100.0
EMEA,0,2,0,100.0
Could,0,1,0,100.0
Beneficiary,0,1,0,100.0
Overhaul,0,1,1,050.0
Northrop,0,1,2,33.333333333333336
Grumman,0,1,2,33.333333333333336
Request,0,1,0,100.0
Envoy,0,1,1,050.0
Cactus,0,1,0,100.0
Implements,0,1,0,100.0
Milestone,0,1,1,050.0
BLGI,0,1,0,100.0
Oncolix,0,0,1,000.0
Submission,1,2,1,075.0
AEPP,0,0,1,000.0
Kandi,0,1,1,050.0
Pure,0,2,0,100.0
Model,0,1,0,100.0
approvals,0,1,0,100.0
Chinese,0,1,0,100.0
Government,0,2,1,66.66666666666667
Agencies,0,1,0,100.0
KNDI,0,1,1,050.0
Elevating,0,0,1,000.0
Family,0,0,1,000.0
Exploring,0,0,1,000.0
Behind,0,0,1,000.0
Hawaiian,0,2,2,050.0
Cars,1,0,3,025.0
Trinity,0,0,1,000.0
Immersion,0,0,1,000.0
Ryerson,0,0,1,000.0
Horizons,0,0,1,000.0
Developments,0,1,2,33.333333333333336
Horace,0,0,1,000.0
Mann,0,0,1,000.0
Minerva,0,1,1,050.0
Neurosciences,0,1,1,050.0
Seltorexant,0,1,1,050.0
Insomnia,0,1,0,100.0
Disorder,0,1,1,050.0
NERV,0,1,1,050.0
Backed,0,0,1,000.0
Controlled,0,0,1,000.0
Greystar,0,0,1,000.0
Vera,0,1,0,100.0
Bradley,0,1,0,100.0
Evans,0,1,0,100.0
BOBE,0,1,0,100.0
Affinor,0,0,1,000.0
Growers,0,0,1,000.0
Reduces,0,0,1,000.0
Tower,0,0,1,000.0
Dish,0,0,1,000.0
stepping,0,0,1,000.0
down,0,0,1,000.0
DISH,0,0,4,000.0
NetApp,0,1,0,100.0
Honors,0,1,0,100.0
NTAP,0,1,0,100.0
Jittery,0,1,0,100.0
ahead,0,1,0,100.0
Reform,0,1,0,100.0
Intermodal,0,0,1,000.0
Pushed,0,0,1,000.0
Rail,0,2,1,66.66666666666667
Freight,0,0,1,000.0
Volumes,0,0,1,000.0
Integer,0,1,0,100.0
Wins,0,1,0,100.0
Neuros,0,1,0,100.0
ITGR,0,1,0,100.0
Denies,0,1,0,100.0
Rumors,0,1,0,100.0
Regarding,0,2,0,100.0
VistaGen,0,0,2,000.0
Granted,0,0,1,000.0
Methods,1,0,3,025.0
Myriad,0,2,2,050.0
Validation,0,1,0,100.0
riskScore,0,1,0,100.0
Test,0,1,2,33.333333333333336
MYGN,0,2,2,050.0
Mercer,2,1,1,075.0
Conditional,0,0,1,000.0
Partial,0,0,1,000.0
Principal,0,0,1,000.0
Amount,0,0,1,000.0
Outstanding,0,0,3,000.0
MERC,2,1,1,075.0
Winnebago,0,5,2,71.42857142857143
Made,0,2,0,100.0
Perkins,0,0,1,000.0
Acre,0,0,1,000.0
Colorado,0,1,2,33.333333333333336
Dalmac,0,0,1,000.0
Servus,0,0,1,000.0
Union,0,0,1,000.0
Pfizer,0,0,1,000.0
England,0,0,1,000.0
Journal,0,0,2,000.0
Investigational,0,0,1,000.0
Renew,0,0,1,000.0
Course,0,1,2,33.333333333333336
Issuer,0,1,2,33.333333333333336
Recipients,0,0,1,000.0
Already,0,1,0,100.0
Priced,0,1,0,100.0
Lower,0,1,0,100.0
Millennium,0,1,0,100.0
Iron,0,1,3,025.0
Port,0,1,0,100.0
Sept,0,1,0,100.0
User,0,1,0,100.0
Dock,0,1,0,100.0
Pomerantz,0,0,2,000.0
PayPal,0,0,1,000.0
Certain,0,0,2,000.0
Officers,0,0,2,000.0
PYPL,0,0,1,000.0
PolarX,0,1,0,100.0
Zackly,0,1,0,100.0
Deposit,0,1,0,100.0
Range,0,1,0,100.0
Seaspan,0,1,0,100.0
Shipyards,0,1,0,100.0
Celebrate,0,1,0,100.0
Vessel,1,1,0,100.0
Designed,0,1,0,100.0
Built,0,3,1,075.0
Shipbuilding,0,1,0,100.0
NeoGenomics,0,1,0,100.0
Ollies,0,1,0,100.0
Bargain,0,1,0,100.0
Outlet,0,1,0,100.0
OLLI,0,1,0,100.0
Finjan,0,0,1,000.0
Complaint,0,3,2,060.0
Zscaler,0,0,1,000.0
Northern,0,0,1,000.0
California,1,4,5,050.0
receives,0,0,1,000.0
Grant,0,0,2,000.0
passenger,0,0,1,000.0
traffic,0,0,1,000.0
OMAB,0,0,1,000.0
Novartis,0,0,1,000.0
Kisqali,0,0,1,000.0
first,0,2,2,050.0
only,0,0,1,000.0
CDK4,0,0,1,000.0
inhibitor,0,1,1,050.0
show,0,0,1,000.0
superior,0,0,1,000.0
median,0,0,1,000.0
compared,0,0,1,000.0
oral,0,0,1,000.0
endocrine,0,0,1,000.0
therapy,0,0,1,000.0
line,0,0,1,000.0
treatment,0,0,3,000.0
prospective,0,0,1,000.0
randomized,0,0,1,000.0
trial,0,0,1,000.0
dedicated,0,0,1,000.0
Swiss,0,1,2,33.333333333333336
NOVN,0,0,1,000.0
Redeem,0,1,0,100.0
Portion,0,1,1,050.0
signed,0,0,1,000.0
Fate,0,0,2,000.0
Diego,0,0,1,000.0
iPSC,0,0,1,000.0
Derived,0,0,1,000.0
Immunotherapies,0,0,1,000.0
FATE,0,0,2,000.0
PositiveID,0,0,1,000.0
Generation,1,0,6,14.285714285714286
Caregiver,0,0,1,000.0
Thermometer,0,0,1,000.0
Bluetooth,0,0,1,000.0
Capability,0,0,1,000.0
PSID,0,0,2,000.0
Rapid7,0,0,1,000.0
Visionary,0,0,1,000.0
Magic,0,0,1,000.0
Quadrant,0,2,2,050.0
Dart,0,1,0,100.0
Appraisal,0,1,0,100.0
Finance,0,1,1,050.0
Amdocs,0,1,0,100.0
Land,0,1,0,100.0
Campus,0,3,1,075.0
Weighted,0,1,0,100.0
Deviating,0,1,0,100.0
Richmond,0,0,1,000.0
Road,0,0,1,000.0
North,0,0,2,000.0
Lithium,0,0,2,000.0
Qualifying,0,0,1,000.0
Ferroglobe,0,1,0,100.0
Insider,0,1,0,100.0
Buying,0,1,0,100.0
ARCW,1,0,0,100.0
Clayton,0,1,0,100.0
Employment,1,0,3,025.0
Jobs,0,0,1,000.0
Block,0,0,1,000.0
Line,0,1,3,025.0
Warrant,0,0,1,000.0
Exercise,1,1,2,050.0
Incentive,0,0,1,000.0
Newest,0,0,1,000.0
Challenger,0,0,6,000.0
Models,0,0,1,000.0
Surpass,0,0,1,000.0
Milestones,0,0,1,000.0
aircraft,0,0,4,000.0
surpass,0,0,1,000.0
deliveries,0,0,3,000.0
business,0,1,4,020.0
marks,0,0,1,000.0
50th,0,0,1,000.0
delivery,0,0,1,000.0
Category,0,0,1,000.0
defining,0,0,1,000.0
series,0,0,2,000.0
count,0,0,1,000.0
more,0,2,4,33.333333333333336
overall,0,0,1,000.0
making,0,0,1,000.0
most,0,1,2,33.333333333333336
delivered,0,0,1,000.0
decade,0,0,1,000.0
jets,1,0,3,025.0
approaching,0,0,1,000.0
milestones,0,0,1,000.0
confirm,0,0,1,000.0
unrivalled,0,0,1,000.0
capabilities,0,0,1,000.0
smooth,0,0,1,000.0
ride,0,0,1,000.0
acceptance,1,0,3,025.0
lowest,0,0,1,000.0
direct,0,0,1,000.0
operating,0,0,1,000.0
costs,0,0,1,000.0
segments,0,0,1,000.0
longer,0,0,1,000.0
maintenance,0,1,1,050.0
intervals,0,0,1,000.0
Nexeo,0,0,2,000.0
NXEO,0,0,2,000.0
Sunrun,0,1,0,100.0
Transition,0,1,0,100.0
Paul,0,1,0,100.0
Winnowski,0,1,0,100.0
Retire,0,1,0,100.0
Early,0,1,0,100.0
Okta,0,0,1,000.0
jumps,0,0,1,000.0
earnings,0,0,1,000.0
beat,0,0,1,000.0
JILL,0,0,1,000.0
LEAD,0,0,1,000.0
PLAINTIFF,0,0,1,000.0
DEADLINE,0,0,1,000.0
RAPIDLY,0,0,1,000.0
APPROACHING,0,0,1,000.0
reminds,0,0,1,000.0
Jill,0,0,1,000.0
Starbucks,0,1,0,100.0
SBUX,0,1,0,100.0
Roastery,0,1,0,100.0
Shanghai,0,1,0,100.0
Cray,0,1,0,100.0
NERSC,0,1,0,100.0
Scale,1,2,0,100.0
CRAY,0,1,0,100.0
ADDvantage,0,1,2,33.333333333333336
Bearclaw,0,1,2,33.333333333333336
StrikeForce,1,0,0,100.0
GuardedIDs,1,0,0,100.0
Anti,1,0,1,050.0
Keylogging,1,0,0,100.0
SFOR,1,0,0,100.0
Natus,0,2,1,66.66666666666667
Morgan,3,12,11,57.69230769230769
36th,3,10,9,59.09090909090909
BABY,0,2,1,66.66666666666667
RedHawk,1,1,1,66.66666666666667
IDNG,1,1,1,66.66666666666667
Microsoft,0,1,1,050.0
Profitable,0,1,1,050.0
Says,0,2,3,040.0
Bernstein,0,1,1,050.0
REPROCELL,0,2,0,100.0
Iovance,1,1,1,66.66666666666667
Biotherapeutics,1,1,1,66.66666666666667
Decision,1,2,2,060.0
Updates,1,1,1,66.66666666666667
IOVA,1,1,1,66.66666666666667
INTL,0,2,4,33.333333333333336
FCStone,0,1,2,33.333333333333336
Corbus,0,0,4,000.0
RESOLVE,0,0,3,000.0
Systemic,0,0,4,000.0
Sclerosis,0,0,3,000.0
Landstar,0,1,2,33.333333333333336
Special,0,5,3,062.5
LSTR,0,1,2,33.333333333333336
Targeting,0,0,2,000.0
Improvement,0,0,2,000.0
Breakeven,2,1,2,060.0
Targets,0,0,3,000.0
approximately,0,0,5,000.0
Anticipates,0,0,2,000.0
EBIT,2,0,4,33.333333333333336
before,0,0,6,000.0
special,0,0,6,000.0
items,0,0,6,000.0
grow,0,2,3,040.0
800M,0,0,2,000.0
900M,0,0,2,000.0
Aims,0,0,2,000.0
free,0,0,6,000.0
cash,0,1,6,14.285714285714286
flow,0,0,6,000.0
reach,0,0,2,000.0
breakeven,0,0,2,000.0
minus,1,0,2,33.333333333333336
150M,0,0,2,000.0
Turnaround,0,0,2,000.0
plan,1,2,3,050.0
track,0,0,2,000.0
clear,0,0,2,000.0
path,0,0,2,000.0
achieve,0,2,3,040.0
goals,0,0,2,000.0
next,0,0,2,000.0
three,0,0,2,000.0
years,0,1,2,33.333333333333336
objective,0,0,4,000.0
EBITDA,1,2,3,050.0
double,0,0,2,000.0
range,0,0,2,000.0
750M,0,0,2,000.0
DENSO,0,2,1,66.66666666666667
World,0,2,1,66.66666666666667
Automobile,0,2,1,66.66666666666667
Virtualization,0,2,1,66.66666666666667
enables,0,2,1,66.66666666666667
integrated,0,2,1,66.66666666666667
vehicle,0,3,1,075.0
systems,0,2,1,66.66666666666667
Approve,0,2,2,050.0
MANF,5,8,2,86.66666666666667
Magazine,1,2,0,100.0
Animal,1,2,0,100.0
Retinal,2,4,0,100.0
Damage,1,2,0,100.0
Issuance,2,3,1,83.33333333333333
CDNF,1,2,0,100.0
Biosciences,2,3,2,71.42857142857143
Edward,1,1,0,100.0
CBIO,2,3,1,83.33333333333333
Mammoth,0,2,1,66.66666666666667
Diamond,0,2,1,66.66666666666667
Tenoriba,0,2,1,66.66666666666667
Chihuahua,0,2,1,66.66666666666667
Mobiquity,0,1,1,050.0
Enhances,0,1,2,33.333333333333336
Locational,0,1,1,050.0
AggData,0,1,1,050.0
MOBQ,0,1,1,050.0
SEACOR,0,2,3,040.0
Vista,0,1,2,33.333333333333336
Tanker,0,1,2,33.333333333333336
Capstone,1,1,1,66.66666666666667
Onshore,1,1,1,66.66666666666667
Operation,1,1,1,66.66666666666667
CPST,1,1,1,66.66666666666667
scoped,0,0,3,000.0
Phased,0,0,3,000.0
Build,0,0,3,000.0
Releases,1,2,1,075.0
Connector,0,2,1,66.66666666666667
customers,0,2,1,66.66666666666667
visibility,0,2,1,66.66666666666667
devices,0,2,1,66.66666666666667
Plunge,1,0,0,100.0
Victory,0,1,1,050.0
Square,0,1,1,050.0
Founder,0,0,1,000.0
Halford,0,0,1,000.0
Thompson,0,0,1,000.0
Advisor,0,0,1,000.0
Blockchain,2,8,15,040.0
Traded,0,0,1,000.0
CallMiner,0,1,2,33.333333333333336
Contact,0,1,2,33.333333333333336
Voice,0,1,2,33.333333333333336
Programs,0,1,2,33.333333333333336
Level,0,1,2,33.333333333333336
Voip,0,2,1,66.66666666666667
Discusses,0,2,0,100.0
Parent,0,2,0,100.0
VPLM,0,2,1,66.66666666666667
Strongbridge,1,0,1,050.0
Biopharma,1,0,1,050.0
SBBP,1,0,1,050.0
Result,0,0,2,000.0
Migalastat,0,1,2,33.333333333333336
Fabry,0,1,2,33.333333333333336
FOLD,0,2,2,050.0
Micron,0,1,3,025.0
Despite,0,1,2,33.333333333333336
Memory,0,1,2,33.333333333333336
Weaker,0,1,2,33.333333333333336
Stanley,0,1,2,33.333333333333336
Microbot,0,1,2,33.333333333333336
TipCAT,0,1,2,33.333333333333336
MBOT,0,1,2,33.333333333333336
Neonatal,0,1,2,33.333333333333336
Phototherapy,0,1,2,33.333333333333336
Internet,0,2,1,66.66666666666667
Things,0,4,2,66.66666666666667
Christopher,0,1,2,33.333333333333336
Esposito,0,1,2,33.333333333333336
Talks,0,1,2,33.333333333333336
About,0,2,2,050.0
SaaS,0,1,2,33.333333333333336
Personalized,0,1,2,33.333333333333336
PTOP,0,1,2,33.333333333333336
Combiner,0,2,1,66.66666666666667
Simpler,0,2,1,66.66666666666667
Solar,0,5,1,83.33333333333333
Installations,0,2,1,66.66666666666667
ENPH,0,2,1,66.66666666666667
Cellectar,0,1,1,050.0
Cancers,1,3,1,080.0
CLRB,0,1,1,050.0
Alkermes,0,1,2,33.333333333333336
January,0,1,4,020.0
Aurora,0,2,1,66.66666666666667
Multimedia,0,2,1,66.66666666666667
Transceivers,0,2,1,66.66666666666667
BlueRiver,0,2,1,66.66666666666667
Incorporate,0,2,1,66.66666666666667
Dante,0,2,1,66.66666666666667
Audio,0,2,1,66.66666666666667
Allied,0,2,1,66.66666666666667
Universal,0,2,1,66.66666666666667
Kona,0,0,1,000.0
Carolina,0,0,1,000.0
Places,0,0,1,000.0
Hemp,0,0,1,000.0
Drink,0,0,1,000.0
order,0,0,1,000.0
KGKG,0,0,1,000.0
Mantra,1,0,0,100.0
Name,1,0,2,33.333333333333336
SGSIF,1,0,0,100.0
Feasibility,0,1,2,33.333333333333336
Lynn,0,1,2,33.333333333333336
Warehouse,1,3,1,080.0
Rising,0,2,1,66.66666666666667
Adoption,0,2,1,66.66666666666667
Boost,0,2,1,66.66666666666667
Sphere,0,2,1,66.66666666666667
Matters,0,2,1,66.66666666666667
Approved,0,2,3,040.0
Believes,0,2,1,66.66666666666667
Carrier,0,2,1,66.66666666666667
Moves,0,2,1,66.66666666666667
Come,0,2,1,66.66666666666667
QuickLogic,0,3,1,075.0
Mentor,0,2,1,66.66666666666667
Environment,1,2,1,075.0
eFPGA,0,3,1,075.0
QUIK,0,3,1,075.0
Precipio,0,3,1,075.0
Novel,0,3,3,050.0
Cytogenetics,0,1,1,050.0
PRPO,0,3,1,075.0
Leidos,0,2,1,66.66666666666667
SecurityMatters,0,2,1,66.66666666666667
Passive,0,2,1,66.66666666666667
Threats,0,2,1,66.66666666666667
Rockwell,0,2,1,66.66666666666667
Comercializadora,0,2,1,66.66666666666667
BioRenal,0,2,1,66.66666666666667
Commercialize,0,2,1,66.66666666666667
Triferic,0,2,1,66.66666666666667
Chile,0,2,1,66.66666666666667
RMTI,0,2,1,66.66666666666667
Horizon,1,0,4,020.0
Executes,1,0,2,33.333333333333336
123Wish,1,0,2,33.333333333333336
OHGI,1,0,2,33.333333333333336
Wildflower,0,1,2,33.333333333333336
AdvancedMD,0,2,1,66.66666666666667
Gartners,0,2,1,66.66666666666667
FrontRunners,0,2,1,66.66666666666667
Sanofi,0,1,2,33.333333333333336
Skin,0,2,3,040.0
central,0,2,1,66.66666666666667
bank,0,2,1,66.66666666666667
governor,0,2,1,66.66666666666667
bitcoin,0,2,2,050.0
fascination,0,2,1,66.66666666666667
speculative,0,2,1,66.66666666666667
mania,0,2,1,66.66666666666667
Distribute,0,1,2,33.333333333333336
Korea,0,1,2,33.333333333333336
BTHE,0,1,2,33.333333333333336
Grand,1,0,2,33.333333333333336
Restaurant,1,0,2,33.333333333333336
Nears,1,2,0,100.0
Upgrade,1,2,0,100.0
Emerita,0,1,1,050.0
Upsizing,0,1,1,050.0
Riley,1,1,0,100.0
RILY,1,1,0,100.0
IntelGenx,0,1,0,100.0
Montelukast,0,1,0,100.0
Versafilm,0,1,0,100.0
Mild,0,1,0,100.0
Moderate,0,1,0,100.0
NetworkNewsWire,2,0,2,050.0
Options,2,0,0,100.0
Locations,1,0,0,100.0
Nikaza,1,0,0,100.0
Location,1,0,1,050.0
DLOC,1,0,0,100.0
iKang,0,1,1,050.0
KANG,0,1,1,050.0
TESARO,0,0,2,000.0
Availability,0,0,2,000.0
ZEJULA,0,0,2,000.0
niraparib,0,0,2,000.0
Women,0,0,2,000.0
Recurrent,0,0,2,000.0
Ovarian,0,1,2,33.333333333333336
TSRO,0,0,2,000.0
Kratos,0,0,2,000.0
Unmanned,0,0,2,000.0
Aerial,0,0,1,000.0
Electronic,0,0,1,000.0
KTOS,0,0,2,000.0
Here,0,1,0,100.0
companies,0,2,0,100.0
will,1,2,2,060.0
benefit,0,2,0,100.0
OHRP,0,1,1,050.0
Unitil,0,1,1,050.0
Money,0,0,1,000.0
Mentioned,0,0,1,000.0
Marathon,0,0,2,000.0
HIVE,0,1,1,050.0
Prevent,0,2,0,100.0
Your,0,2,0,100.0
Bitcoins,0,2,0,100.0
Being,0,2,0,100.0
Hacked,0,2,0,100.0
Stolen,0,2,0,100.0
Hersha,0,2,0,100.0
Azores,0,2,0,100.0
A321neo,0,2,0,100.0
ShiftPixy,0,0,2,000.0
PIXY,0,0,2,000.0
Avinger,0,0,5,000.0
Waiver,0,0,2,000.0
Consent,0,1,2,33.333333333333336
AVGR,0,0,5,000.0
Chefs,1,1,0,100.0
CHEF,1,1,0,100.0
Blood,0,3,2,060.0
Spero,0,0,2,000.0
3Q17,0,1,2,33.333333333333336
SPRO,0,0,2,000.0
Laureate,0,2,0,100.0
agrees,0,2,0,100.0
sell,0,2,3,040.0
institution,0,2,0,100.0
Affinity,0,2,0,100.0
LAUR,0,2,0,100.0
Aclaris,0,0,2,000.0
ESKATA,0,0,2,000.0
Hydrogen,0,0,2,000.0
Peroxide,0,0,2,000.0
Raised,0,1,3,025.0
Seborrheic,0,0,2,000.0
Keratoses,0,0,2,000.0
ACRS,0,0,2,000.0
Tetraphase,0,2,0,100.0
Added,0,3,0,100.0
Biotechnology,0,2,0,100.0
TTPH,0,2,0,100.0
Ultragenyx,0,1,1,050.0
Kyowa,0,1,0,100.0
Kirin,0,1,0,100.0
Burosumab,0,1,0,100.0
CHMP,0,1,0,100.0
Opinion,0,1,0,100.0
Linked,1,2,0,100.0
Hypophosphatemia,0,1,0,100.0
Children,0,2,2,050.0
RARE,0,1,1,050.0
CBTX,0,4,0,100.0
Concurrent,0,0,1,000.0
Stockholders,0,0,2,000.0
Content,1,1,1,66.66666666666667
Vecima,0,0,1,000.0
CCUR,0,0,1,000.0
ePlus,0,1,0,100.0
Becomes,0,1,0,100.0
AppDynamics,0,1,0,100.0
PLUS,0,1,0,100.0
Bankers,0,4,1,080.0
Cobalt,0,2,0,100.0
Teekay,0,0,3,000.0
Units,0,1,2,33.333333333333336
Wright,0,1,1,050.0
IMASCAP,0,1,1,050.0
WMGI,0,1,1,050.0
Achieves,0,1,1,050.0
Efficiency,0,1,1,050.0
Case,0,1,1,050.0
Core,0,3,3,050.0
engineering,0,1,1,050.0
breakthrough,0,1,1,050.0
expedites,0,1,1,050.0
average,0,1,1,050.0
case,0,1,1,050.0
settlement,0,2,2,050.0
time,0,1,1,050.0
Days,0,1,1,050.0
Safe,1,0,0,100.0
Bulkers,1,0,0,100.0
Panamax,1,0,0,100.0
bulk,1,0,0,100.0
GSVC,0,0,2,000.0
BioDelivery,0,2,0,100.0
Reacquires,0,1,0,100.0
ONSOLIS,0,1,0,100.0
BDSI,0,2,0,100.0
inVentiv,0,1,0,100.0
SYNH,0,1,0,100.0
Wabash,0,2,0,100.0
Mile,0,1,0,100.0
BOOM,1,0,0,100.0
enters,0,0,1,000.0
FORD,0,0,1,000.0
Spending,0,1,1,050.0
CubeSmart,0,2,0,100.0
CUBE,0,2,0,100.0
Grace,0,2,3,040.0
Polyolefin,0,1,1,050.0
Catalysts,0,1,1,050.0
signs,0,1,2,33.333333333333336
HeidelbergCements,0,1,1,050.0
German,0,1,1,050.0
calcium,0,1,1,050.0
silicate,0,1,1,050.0
unit,0,1,1,050.0
Materials,1,2,1,075.0
AMAT,0,2,0,100.0
Leave,1,0,0,100.0
Hunter,2,0,0,100.0
Harrison,2,0,0,100.0
Ranked,0,0,2,000.0
Biotech,1,0,7,012.5
Room,0,0,2,000.0
Nevada,0,0,1,000.0
Casinos,0,0,1,000.0
Host,0,2,1,66.66666666666667
Mesoblast,0,0,3,000.0
grants,0,0,2,000.0
TiGenix,0,0,2,000.0
exclusive,0,0,2,000.0
patent,0,0,2,000.0
license,0,0,2,000.0
adipose,0,0,2,000.0
derived,0,0,2,000.0
mesenchymal,0,0,2,000.0
stem,0,0,2,000.0
cells,0,0,2,000.0
local,0,0,2,000.0
fistulae,0,0,2,000.0
Esperion,0,2,0,100.0
Jeffrey,0,2,0,100.0
Berkowitz,0,2,0,100.0
ESPR,0,2,0,100.0
Effortless,0,1,0,100.0
Franchising,0,1,0,100.0
franchiseasy,0,1,0,100.0
WPCS,0,0,4,000.0
Enerflex,0,1,1,050.0
Unsecured,0,1,1,050.0
Island,1,0,2,33.333333333333336
Lined,0,0,2,000.0
HIHI,0,0,2,000.0
Snack,1,0,0,100.0
Foods,1,0,0,100.0
JJSF,1,0,0,100.0
Reliq,0,2,3,040.0
Subscriber,0,1,1,050.0
Voluntarily,0,1,1,050.0
Period,0,1,1,050.0
June,0,1,1,050.0
Eight,0,1,1,050.0
Catheter,0,2,0,100.0
Ablation,0,2,0,100.0
Reach,0,2,1,66.66666666666667
2026,0,2,0,100.0
Transparency,0,2,0,100.0
Bryn,1,0,0,100.0
Mawr,1,0,0,100.0
Royal,1,0,0,100.0
Pennsylvania,1,0,0,100.0
BMTC,1,0,0,100.0
Yale,0,1,0,100.0
Attachment,0,1,0,100.0
Trucks,0,1,0,100.0
Balchem,0,1,1,050.0
BCPC,0,1,1,050.0
Raflatac,0,1,1,050.0
partners,0,1,1,050.0
Italy,0,1,1,050.0
create,0,1,1,050.0
sample,0,1,1,050.0
book,0,1,1,050.0
wine,0,1,1,050.0
spirits,0,1,1,050.0
craft,0,1,1,050.0
beverage,0,1,1,050.0
labels,0,1,1,050.0
inspired,0,1,1,050.0
natural,0,1,1,050.0
surfaces,0,1,1,050.0
Delta,1,1,2,050.0
agreed,1,0,1,050.0
Abacus,0,2,3,040.0
Review,0,1,2,33.333333333333336
Ajax,0,1,1,050.0
Wall,1,1,0,100.0
Struggle,1,1,0,100.0
Oxford,1,2,2,060.0
Aerospace,1,0,1,050.0
Defense,1,1,1,66.66666666666667
Texas,1,2,5,037.5
Scottish,0,1,1,050.0
Rite,0,1,1,050.0
Adjournment,0,0,1,000.0
CMFN,0,0,1,000.0
Classified,0,0,1,000.0
Capitalization,0,0,1,000.0
CORE,0,0,1,000.0
BANKING,0,0,1,000.0
SYSTEM,0,0,1,000.0
OVERHAULS,0,0,1,000.0
REPORT,0,0,1,000.0
they,0,0,1,000.0
necessary,0,0,1,000.0
fail,0,0,1,000.0
them,0,0,1,000.0
work,0,0,1,000.0
PositiveIDs,0,0,1,000.0
ExcitePCR,0,0,1,000.0
Player,0,0,1,000.0
Molecular,0,0,1,000.0
BIMobject,0,2,0,100.0
Correction,0,1,0,100.0
among,0,1,0,100.0
fastest,0,1,0,100.0
growing,0,1,0,100.0
XpresSpa,0,0,3,000.0
Dermalogica,0,0,1,000.0
Introduce,0,0,1,000.0
XSPA,0,0,2,000.0
Showcase,0,0,1,000.0
Acceleration,0,1,0,100.0
2679d,0,1,0,100.0
ISU304,0,1,0,100.0
Individuals,0,1,0,100.0
Roncador,0,0,1,000.0
field,0,0,1,000.0
advances,0,0,1,000.0
strategic,0,0,1,000.0
Petrobras,0,0,1,000.0
recovery,0,0,1,000.0
PDXP,1,0,0,100.0
TradeStation,0,0,2,000.0
Westwater,0,0,1,000.0
Geophysical,0,0,1,000.0
Exploration,0,1,3,025.0
Planning,0,0,1,000.0
Rica,0,0,1,000.0
SYSTEMS,0,1,0,100.0
SHAREHOLDER,0,2,3,040.0
CLAIMSFILER,0,2,1,66.66666666666667
REMINDS,0,2,1,66.66666666666667
INVESTORS,0,2,1,66.66666666666667
WITH,0,3,1,075.0
LOSSES,0,2,1,66.66666666666667
EXCESS,0,2,1,66.66666666666667
OSIS,0,1,0,100.0
Architectural,1,0,0,100.0
Building,1,0,3,025.0
join,1,0,0,100.0
Team,1,0,1,050.0
Cielo,1,0,0,100.0
PGUS,2,1,1,075.0
Strengthening,0,1,0,100.0
BELBUCA,0,1,0,100.0
2032,0,1,0,100.0
bill,0,1,3,025.0
look,0,0,1,000.0
finalized,0,0,1,000.0
brackets,0,0,1,000.0
DropCar,0,0,1,000.0
Damara,0,1,0,100.0
Terminate,0,1,0,100.0
Option,3,4,2,77.77777777777777
Kinaskan,0,1,0,100.0
SKECHERS,0,0,1,000.0
Unit,1,1,1,66.66666666666667
Immunotec,0,1,0,100.0
QIAGEN,0,1,0,100.0
Settle,0,1,0,100.0
OXFD,0,1,0,100.0
Evermount,0,0,1,000.0
Climb,0,0,1,000.0
Hopes,0,0,1,000.0
Grow,0,0,1,000.0
Passage,0,0,1,000.0
Starcore,0,0,1,000.0
Grenville,0,1,0,100.0
Royalty,0,1,0,100.0
Boardwalktech,0,1,0,100.0
Pioneer,0,4,0,100.0
Relations,0,1,0,100.0
Bonus,0,1,0,100.0
BANC,0,1,0,100.0
Bancorp,0,1,0,100.0
Kirkland,0,0,1,000.0
Taylor,0,0,1,000.0
giant,0,0,1,000.0
tepid,0,0,1,000.0
take,0,0,1,000.0
debut,0,0,1,000.0
Philanthropic,0,0,1,000.0
Georgia,0,0,1,000.0
Aquarium,0,0,1,000.0
REMOXY,0,0,1,000.0
PTIE,0,0,1,000.0
CannaGrow,0,0,1,000.0
Surpassed,0,0,1,000.0
Licensed,0,0,1,000.0
Grower,0,0,1,000.0
Buffalo,0,0,1,000.0
Ranch,0,0,1,000.0
CGRW,0,0,1,000.0
STRATA,0,1,0,100.0
Alternatives,0,1,0,100.0
SSKN,0,1,0,100.0
Nova,0,1,3,025.0
LifeStyle,0,1,3,025.0
Contracts,0,4,1,080.0
Others,0,1,0,100.0
Vegas,0,1,0,100.0
NVFY,0,1,3,025.0
Conversion,0,1,0,100.0
CloudCommerce,0,0,1,000.0
Parscale,0,0,2,000.0
Produces,0,0,1,000.0
BigRoad,0,0,1,000.0
Fleet,0,1,1,050.0
provider,0,0,1,000.0
hours,0,0,1,000.0
compliance,0,0,1,000.0
management,0,0,1,000.0
solutions,0,0,1,000.0
sees,0,0,1,000.0
significant,0,0,1,000.0
jump,0,0,1,000.0
marketing,0,0,1,000.0
campaign,0,0,1,000.0
ICUI,0,0,1,000.0
concedes,0,1,0,100.0
defeat,0,1,0,100.0
activist,0,1,0,100.0
board,0,1,0,100.0
role,0,1,0,100.0
Zosano,0,0,1,000.0
Resignation,0,1,2,33.333333333333336
Bruce,0,0,1,000.0
Steel,0,1,2,33.333333333333336
ZSAN,0,0,1,000.0
Verso,0,1,0,100.0
NeoPhotonics,0,1,0,100.0
AxoGen,0,0,1,000.0
Avance,0,0,1,000.0
Graft,0,0,2,000.0
Recipient,0,0,1,000.0
Selected,0,0,1,000.0
Ride,0,0,1,000.0
Donate,0,0,1,000.0
Parade,0,0,1,000.0
Float,0,0,1,000.0
AXGN,0,0,1,000.0
Underwriters,1,0,1,050.0
Beauty,0,0,1,000.0
Worth,0,0,1,000.0
Acumen,0,0,1,000.0
Consulting,0,0,1,000.0
Gran,1,0,0,100.0
Tierra,1,0,0,100.0
Energies,0,1,0,100.0
Silicon,0,2,0,100.0
Specialist,0,1,0,100.0
Apollon,0,1,0,100.0
StoneMor,0,0,1,000.0
Issues,1,1,2,050.0
STON,0,0,1,000.0
Consider,0,1,0,100.0
LegacyTexas,0,1,0,100.0
LTXB,0,1,0,100.0
Hancock,0,1,0,100.0
Acquiring,0,1,0,100.0
Ones,0,1,0,100.0
HBHC,0,1,0,100.0
Republican,0,1,0,100.0
retains,0,1,0,100.0
electric,0,1,0,100.0
credit,0,1,0,100.0
UTStarcom,0,1,0,100.0
India,0,1,0,100.0
UTSI,0,1,0,100.0
Gaming,0,2,0,100.0
Leisure,0,1,0,100.0
Accommodate,0,1,0,100.0
Pinnacle,0,1,0,100.0
Entertainment,0,2,0,100.0
Penn,0,1,0,100.0
GLPI,0,1,0,100.0
Single,0,0,1,000.0
IDIQ,0,0,1,000.0
Samumed,0,0,1,000.0
SM04690,0,0,1,000.0
Degenerative,0,0,1,000.0
Disc,0,1,1,050.0
BeiGene,0,1,0,100.0
PARP,0,1,0,100.0
Pamiparib,0,1,0,100.0
BGNE,0,1,0,100.0
Aduro,1,0,3,025.0
BION,0,0,1,000.0
1301,0,0,1,000.0
APRIL,0,0,1,000.0
Antibody,0,0,1,000.0
Myeloma,0,0,1,000.0
ADRO,1,0,3,025.0
Appliance,0,1,0,100.0
Grows,0,1,0,100.0
According,0,1,0,100.0
DellOro,0,1,0,100.0
Upgrades,0,0,1,000.0
Petrojarl,0,0,1,000.0
FPSO,0,0,1,000.0
Securityholders,0,1,0,100.0
Vote,0,1,0,100.0
Favour,0,1,0,100.0
Arrangement,0,1,0,100.0
Viemed,0,1,0,100.0
Roper,0,1,0,100.0
25th,0,1,0,100.0
MARA,0,0,1,000.0
Region,0,0,1,000.0
Hudson,0,1,0,100.0
Divestitures,0,1,0,100.0
HSON,0,1,0,100.0
Priority,0,0,1,000.0
Voucher,0,0,1,000.0
uniQure,0,0,1,000.0
Severe,0,0,1,000.0
QURE,0,0,1,000.0
TINTO,0,1,0,100.0
Tinto,0,1,0,100.0
Nation,0,1,0,100.0
SkyWest,0,1,0,100.0
Beverage,0,1,0,100.0
Amerprise,0,1,0,100.0
Stratabound,1,0,0,100.0
Culvert,1,0,0,100.0
Yukon,1,0,0,100.0
Marrone,0,2,0,100.0
Innovations,0,1,0,100.0
MBII,0,1,0,100.0
Deciphera,0,1,0,100.0
Russell,0,1,0,100.0
2000,0,1,0,100.0
DCPH,0,1,0,100.0
Oregon,0,2,0,100.0
GeoVax,1,0,0,100.0
Conduct,1,0,0,100.0
Partnering,1,0,0,100.0
Meetings,1,0,0,100.0
GOVX,1,0,0,100.0
Innovest,0,1,0,100.0
Accomplishments,0,1,0,100.0
IVST,0,1,0,100.0
verffentlicht,1,0,0,100.0
peilt,1,1,0,100.0
Umsatzwachstum,2,1,0,100.0
weitere,1,1,0,100.0
Verbesserungen,1,1,0,100.0
beim,3,2,0,100.0
Gewinn,1,1,0,100.0
freien,3,1,0,100.0
Cashflow,4,1,0,100.0
wird,3,0,0,100.0
angestrebt,1,0,0,100.0
erwartet,1,0,0,100.0
dass,1,0,0,100.0
Sonderfaktoren,3,0,0,100.0
steigen,1,0,0,100.0
freie,1,0,0,100.0
soll,2,0,0,100.0
verbessert,1,0,0,100.0
werden,2,0,0,100.0
erreicht,1,0,0,100.0
Sanierungsplan,1,0,0,100.0
Erreichen,1,0,0,100.0
finanziellen,1,0,0,100.0
Ziele,1,0,0,100.0
verluft,1,0,0,100.0
planmig,1,0,0,100.0
Ziel,2,0,0,100.0
nchsten,1,0,0,100.0
drei,1,0,0,100.0
Jahre,1,0,0,100.0
Umsatz,1,0,0,100.0
steigern,1,0,0,100.0
mehr,1,0,0,100.0
verdoppeln,1,0,0,100.0
Jahr,1,0,0,100.0
liegt,1,0,0,100.0
Bereich,1,0,0,100.0
KEMET,0,1,0,100.0
32535,0,1,0,100.0
Levels,0,1,0,100.0
Upsize,0,1,0,100.0
Minimum,0,1,0,100.0
Genesis,0,1,0,100.0
WISeKey,0,1,0,100.0
promote,0,1,0,100.0
WISeCoin,0,1,0,100.0
Advertising,0,1,0,100.0
Tokenize,0,1,0,100.0
Consumer,0,1,0,100.0
Attention,0,1,0,100.0
Aida,0,1,0,100.0
Hyland,0,1,0,100.0
Robin,0,1,0,100.0
Tolbert,0,1,0,100.0
ffentlicht,0,1,0,100.0
Diana,0,0,2,000.0
Containerships,0,0,1,000.0
DCIX,0,0,1,000.0
Reed,1,0,1,050.0
John,0,0,1,000.0
Bellos,0,0,1,000.0
Intention,0,0,1,000.0
Rights,1,0,2,33.333333333333336
REED,1,0,1,050.0
OceanFirst,0,1,0,100.0
OCFC,0,1,0,100.0
Madrigal,0,1,0,100.0
MDGL,0,1,0,100.0
STEVE,0,1,0,100.0
SALEEN,0,1,0,100.0
BRINGS,0,1,0,100.0
BACK,0,1,0,100.0
SUPERCAR,0,1,0,100.0
1300,0,1,0,100.0
MANS,0,1,0,100.0
EDITION,0,1,0,100.0
SLNN,0,1,0,100.0
Saying,0,1,0,100.0
Junior,0,1,0,100.0
Miner,0,1,0,100.0
Wyndham,0,1,0,100.0
Honeywell,0,1,0,100.0
Cadence,0,1,0,100.0
Thor,0,1,0,100.0
Kopin,0,1,0,100.0
Primerica,0,1,0,100.0
Tankers,0,0,1,000.0
athenahealth,0,0,1,000.0
ATHN,0,0,1,000.0
CareTrust,0,1,0,100.0
CTRE,0,1,0,100.0
Advantis,0,0,1,000.0
Records,0,0,1,000.0
Throughout,0,0,1,000.0
ADVT,0,0,1,000.0
MemorialCare,0,1,0,100.0
Joint,2,1,3,050.0
Most,0,1,0,100.0
Accessible,0,1,0,100.0
Imaging,0,1,0,100.0
Serving,0,2,2,050.0
Orange,0,1,0,100.0
Counties,0,1,0,100.0
Jinhua,0,0,1,000.0
HZNP,0,0,1,000.0
Agrium,0,3,0,100.0
PotashCorp,0,3,0,100.0
Eligible,0,3,0,100.0
Resident,0,3,0,100.0
Half,2,1,0,100.0
Work,2,1,0,100.0
Allete,0,0,3,000.0
Ultimate,0,0,3,000.0
Valmont,0,0,3,000.0
Vuzix,0,0,3,000.0
Combine,0,1,2,33.333333333333336
Valued,0,1,2,33.333333333333336
Critical,0,0,3,000.0
Outcome,0,0,3,000.0
Pharmacodynamic,0,0,1,000.0
Signals,0,0,1,000.0
Dose,0,0,1,000.0
Escalation,0,0,1,000.0
COTI,0,0,3,000.0
Gynecological,0,0,1,000.0
Malignancies,0,0,1,000.0
Establishes,0,0,1,000.0
recommended,0,0,1,000.0
dose,0,0,1,000.0
ovarian,0,0,1,000.0
cancer,0,0,1,000.0
safety,0,0,1,000.0
tolerability,0,0,1,000.0
pharmacokinetic,0,0,1,000.0
Belvedere,0,0,3,000.0
Administration,1,4,1,83.33333333333333
Anticoagulant,0,2,1,66.66666666666667
Bevyxxa,0,2,1,66.66666666666667
betrixaban,0,2,1,66.66666666666667
Tidewater,0,2,1,66.66666666666667
Mitek,0,1,2,33.333333333333336
Predictions,0,1,2,33.333333333333336
Fraud,0,1,2,33.333333333333336
Identity,0,2,2,050.0
Verification,0,1,2,33.333333333333336
MITK,0,1,2,33.333333333333336
Extraction,1,2,0,100.0
Expense,1,2,0,100.0
eGain,1,0,1,050.0
Salesforce,1,0,1,050.0
EGAN,1,0,1,050.0
Dolphin,0,1,2,33.333333333333336
Tale,0,1,2,33.333333333333336
Movies,0,1,2,33.333333333333336
Campaign,0,1,2,33.333333333333336
Kids,0,1,2,33.333333333333336
Fiery,0,2,1,66.66666666666667
Brings,0,2,1,66.66666666666667
Konica,0,2,1,66.66666666666667
Minolta,0,2,1,66.66666666666667
bizhub,0,2,1,66.66666666666667
C759,0,2,1,66.66666666666667
C659,0,2,1,66.66666666666667
MFPs,0,2,1,66.66666666666667
EFII,0,2,1,66.66666666666667
Snipp,0,1,1,050.0
LoyalCoin,0,1,1,050.0
Mimecast,0,1,2,33.333333333333336
Ward,0,1,2,33.333333333333336
PolarityTE,0,2,1,66.66666666666667
Polarity,0,2,1,66.66666666666667
Meet,0,2,1,66.66666666666667
SkinTE,0,2,1,66.66666666666667
Platforms,0,4,1,080.0
COOL,0,2,1,66.66666666666667
CommerceHub,0,1,1,050.0
CHUBA,0,1,1,050.0
Fluor,0,2,1,66.66666666666667
Teradyne,0,2,1,66.66666666666667
Luminex,0,2,1,66.66666666666667
Carey,0,2,1,66.66666666666667
Fuels,0,1,0,100.0
OverWatchIDs,0,1,0,100.0
Funding,0,1,0,100.0
Round,0,1,0,100.0
SAExploration,0,2,1,66.66666666666667
SAEX,0,2,1,66.66666666666667
Twitter,0,1,1,050.0
Hershey,0,1,1,050.0
Campbell,0,1,1,050.0
today,0,1,1,050.0
charts,0,1,1,050.0
Info,1,1,1,66.66666666666667
Pantheris,0,0,3,000.0
Guided,0,0,3,000.0
Atherectomy,0,0,3,000.0
Opiant,0,1,1,050.0
Related,0,1,1,050.0
NARCAN,0,1,1,050.0
Nasal,0,1,1,050.0
Spray,0,1,1,050.0
Overdose,0,1,1,050.0
OPNT,0,1,1,050.0
Speed,1,0,2,33.333333333333336
Train,1,0,2,33.333333333333336
final,1,0,2,33.333333333333336
trains,2,0,4,33.333333333333336
eight,2,0,4,33.333333333333336
CRH1A,1,0,2,33.333333333333336
high,1,0,2,33.333333333333336
speed,1,0,2,33.333333333333336
ordered,1,0,2,33.333333333333336
February,1,2,3,050.0
April,1,0,2,33.333333333333336
already,1,0,2,33.333333333333336
increasing,1,0,2,33.333333333333336
capacity,1,0,2,33.333333333333336
southern,1,0,2,33.333333333333336
western,1,0,2,33.333333333333336
total,1,1,4,33.333333333333336
train,1,0,2,33.333333333333336
cars,1,0,2,33.333333333333336
completed,1,1,3,040.0
customer,1,1,2,050.0
CEMATRIX,0,3,0,100.0
Lennox,0,1,2,33.333333333333336
Compass,0,1,2,33.333333333333336
Itron,0,1,2,33.333333333333336
Southwest,0,1,0,100.0
CSWC,0,1,0,100.0
Hagens,0,0,3,000.0
Berman,0,0,3,000.0
Trivago,0,0,3,000.0
Regulator,0,0,3,000.0
Investigation,0,0,3,000.0
Cambrex,0,0,3,000.0
Enersys,0,0,3,000.0
Esterline,0,0,3,000.0
Atkore,0,0,3,000.0
Virtusa,0,0,3,000.0
Secoo,0,1,2,33.333333333333336
SECO,0,1,2,33.333333333333336
Taco,1,0,2,33.333333333333336
Relaunch,1,0,2,33.333333333333336
Buck,1,0,2,33.333333333333336
Menu,1,0,2,33.333333333333336
TACO,1,0,2,33.333333333333336
ProGreen,1,1,1,66.66666666666667
secured,1,1,1,66.66666666666667
financing,1,1,2,050.0
Oshkosh,0,2,1,66.66666666666667
Aceto,0,2,1,66.66666666666667
Cullen,0,2,1,66.66666666666667
Frost,0,2,1,66.66666666666667
Caseys,0,2,1,66.66666666666667
FactSet,0,2,1,66.66666666666667
SPXC,0,2,1,66.66666666666667
Advancing,0,1,2,33.333333333333336
Vehicle,0,1,4,020.0
warnings,0,2,1,66.66666666666667
strident,0,2,1,66.66666666666667
Singapore,0,2,1,66.66666666666667
urges,0,2,1,66.66666666666667
extreme,0,2,1,66.66666666666667
caution,0,2,1,66.66666666666667
AppSwarm,0,0,3,000.0
SWRM,0,0,6,000.0
Real,0,2,5,28.571428571428573
Estate,0,2,5,28.571428571428573
USTC,0,0,3,000.0
Finalize,0,0,3,000.0
Wallet,0,0,3,000.0
Loxo,1,2,0,100.0
Rolling,1,2,0,100.0
Larotrectinib,1,2,0,100.0
Fusion,1,2,0,100.0
LOXO,1,2,0,100.0
Intellectual,1,0,2,33.333333333333336
Position,1,0,2,33.333333333333336
STING,1,0,2,33.333333333333336
Field,1,0,2,33.333333333333336
Newly,1,0,2,33.333333333333336
Issued,2,0,4,33.333333333333336
Oversubscribed,1,0,0,100.0
Albemarle,0,1,2,33.333333333333336
Eversource,0,1,2,33.333333333333336
Axalta,0,1,2,33.333333333333336
Coating,0,1,2,33.333333333333336
Sensient,0,1,2,33.333333333333336
Parks,0,1,2,33.333333333333336
LINN,0,0,2,000.0
Oklahoma,0,0,2,000.0
Waterflood,0,0,2,000.0
Panhandle,0,0,2,000.0
LNGG,0,0,2,000.0
CANN,0,1,2,33.333333333333336
Ooma,1,1,1,66.66666666666667
Butterfleye,1,1,1,66.66666666666667
OOMA,1,1,1,66.66666666666667
Mesoblasts,0,0,1,000.0
Acute,0,0,1,000.0
Versus,0,0,2,000.0
gross,0,1,2,33.333333333333336
margin,0,1,2,33.333333333333336
GAAP,0,2,4,33.333333333333336
consecutive,0,2,4,33.333333333333336
Double,0,1,2,33.333333333333336
digit,0,1,2,33.333333333333336
billings,0,1,2,33.333333333333336
Destination,0,2,1,66.66666666666667
Participation,0,2,2,050.0
DXLG,0,2,1,66.66666666666667
AMAG,2,0,4,33.333333333333336
Entitled,1,0,2,33.333333333333336
Reducing,1,0,2,33.333333333333336
Preterm,1,0,2,33.333333333333336
Birth,1,0,2,33.333333333333336
Hemispherx,1,1,0,100.0
Successfully,1,1,0,100.0
Demonstration,1,1,0,100.0
Batch,1,1,0,100.0
Ampligen,1,1,0,100.0
Manufacturer,1,1,0,100.0
Intellia,0,2,1,66.66666666666667
CytomX,0,2,1,66.66666666666667
BancSystem,0,2,1,66.66666666666667
Enable,0,2,1,66.66666666666667
Multapplied,0,1,0,100.0
Defined,0,1,0,100.0
Wide,0,1,0,100.0
Area,0,1,0,100.0
Weight,0,2,1,66.66666666666667
Watchers,0,2,1,66.66666666666667
Tailored,0,2,1,66.66666666666667
Invesco,0,2,1,66.66666666666667
Barnes,0,2,1,66.66666666666667
Keep,0,3,0,100.0
Streak,0,3,0,100.0
Alive,0,3,0,100.0
Launching,0,0,3,000.0
empowered,0,0,3,000.0
ServisFirst,0,1,1,050.0
SFBS,0,1,1,050.0
Transcontinental,0,0,3,000.0
founders,0,0,3,000.0
CEDROM,0,0,3,000.0
stakes,0,0,3,000.0
Cision,0,0,3,000.0
Excelsior,1,2,0,100.0
Oversubscription,0,1,0,100.0
Japanese,1,1,2,050.0
Therapeutic,1,1,1,66.66666666666667
CLASS,0,2,1,66.66666666666667
ACTION,0,2,1,66.66666666666667
Levi,0,2,1,66.66666666666667
Korsinsky,0,2,1,66.66666666666667
Notifies,0,2,1,66.66666666666667
Qudian,0,2,1,66.66666666666667
21Vianet,1,1,1,66.66666666666667
Divestiture,1,1,2,050.0
Remaining,1,1,1,66.66666666666667
Interest,1,1,1,66.66666666666667
Aipu,1,1,1,66.66666666666667
Elimination,1,1,1,66.66666666666667
VNET,1,1,1,66.66666666666667
COLD,0,2,0,100.0
Enrichment,0,2,0,100.0
Identify,0,2,0,100.0
Liquid,0,2,0,100.0
Biopsies,0,2,0,100.0
Sanger,0,2,0,100.0
Sequencing,0,2,0,100.0
Abeona,0,1,2,33.333333333333336
IIIB,0,1,2,33.333333333333336
ABEO,0,1,2,33.333333333333336
Chronic,0,1,2,33.333333333333336
Complex,0,1,2,33.333333333333336
Continuing,0,1,2,33.333333333333336
Atossa,0,1,2,33.333333333333336
ATOS,0,1,2,33.333333333333336
client,0,1,1,050.0
Egyptian,0,1,1,050.0
1970,0,1,1,050.0
Tennis,0,1,1,050.0
Icons,0,1,1,050.0
Bobby,0,1,1,050.0
Riggs,0,1,1,050.0
Billie,0,1,1,050.0
King,0,1,1,050.0
Represented,0,1,1,050.0
Agent,0,1,1,050.0
Alan,0,1,1,050.0
Morell,0,1,1,050.0
Highly,0,1,1,050.0
Acclaimed,0,1,1,050.0
Searchlight,0,1,1,050.0
Pictures,0,1,1,050.0
Battle,0,1,1,050.0
Sexes,0,1,1,050.0
Tivity,0,3,0,100.0
TVTY,0,3,0,100.0
LiTRA3,2,1,0,100.0
Debut,2,1,0,100.0
Starting,2,1,0,100.0
Operator,2,1,0,100.0
Safety,2,1,0,100.0
Buwog,2,0,1,66.66666666666667
expect,2,0,1,66.66666666666667
rising,2,0,1,66.66666666666667
interest,2,0,1,66.66666666666667
rates,2,0,1,66.66666666666667
grant,0,1,2,33.333333333333336
options,0,1,2,33.333333333333336
Swift,1,1,1,66.66666666666667
Navigation,1,1,1,66.66666666666667
Boeing,0,1,2,33.333333333333336
notches,0,0,2,000.0
confirms,0,0,2,000.0
tariff,0,0,2,000.0
Patterns,0,0,1,000.0
VSQTF,0,0,2,000.0
propulse,1,1,0,100.0
Wars,1,1,0,100.0
Derniers,1,1,0,100.0
Jedi,1,1,0,100.0
office,1,1,0,100.0
affichant,1,1,0,100.0
complet,1,1,0,100.0
partout,1,1,0,100.0
travers,1,1,0,100.0
monde,1,1,0,100.0
Rigrodsky,0,0,1,000.0
Suit,0,0,1,000.0
Capella,0,0,1,000.0
Navamedic,1,0,1,050.0
distribution,1,0,1,050.0
Zorflex,1,0,1,050.0
Sweden,1,0,1,050.0
Finland,1,0,1,050.0
Dorian,0,1,1,050.0
LIBERTY,1,0,0,100.0
Eastern,1,0,0,100.0
ABLYNX,0,1,1,050.0
POSITIVE,0,1,1,050.0
DATA,0,1,1,050.0
FROM,0,1,1,050.0
JAPANESE,0,1,1,050.0
ETHNO,0,1,1,050.0
BRIDGING,0,1,1,050.0
STUDY,0,1,1,050.0
CAPLACIZUMAB,0,1,1,050.0
Brussels,0,1,1,050.0
ABLX,0,1,1,050.0
Optex,0,1,0,100.0
ending,0,2,0,100.0
Baidu,2,1,0,100.0
Apollo,0,1,0,100.0
Driving,0,1,0,100.0
Allotment,0,1,0,100.0
Connection,0,1,0,100.0
Interior,0,1,0,100.0
Concepts,0,1,0,100.0
Arbor,0,0,2,000.0
Ninth,0,0,2,000.0
Collateralized,0,0,2,000.0
Commercialisation,0,0,1,000.0
Eurofarma,0,0,1,000.0
Latin,0,0,1,000.0
Ridinilazole,0,0,1,000.0
Apellis,2,0,0,100.0
Finalizes,2,0,0,100.0
Geographic,2,0,0,100.0
Atrophy,2,0,0,100.0
APLS,2,0,0,100.0
Subordinated,1,0,1,050.0
Cinema,1,1,0,100.0
MOCI,1,1,0,100.0
Denali,0,0,2,000.0
LRRK2,0,0,2,000.0
Inhibitor,0,0,2,000.0
Parkinsons,0,0,2,000.0
DNLI,0,0,2,000.0
Karolinska,1,1,0,100.0
Modus,1,1,0,100.0
publication,1,1,0,100.0
demonstrating,1,1,0,100.0
anti,1,1,0,100.0
adhesive,1,1,0,100.0
properties,1,1,0,100.0
sevuparin,1,1,0,100.0
Electrovaya,0,1,1,050.0
18h28,0,2,0,100.0
annonce,0,2,0,100.0
calcul,0,2,0,100.0
prix,0,2,0,100.0
rachat,0,2,0,100.0
billets,0,2,0,100.0
premier,0,2,0,100.0
rang,0,2,0,100.0
chant,0,2,0,100.0
Departure,0,0,2,000.0
Cable,1,1,0,100.0
Wireless,1,1,0,100.0
Inge,1,1,0,100.0
Smidts,1,1,0,100.0
LBTYA,1,1,0,100.0
Mateo,0,1,1,050.0
deliver,0,1,1,050.0
Regenerative,0,0,1,000.0
Failure,0,0,1,000.0
Left,0,0,1,000.0
Ventricular,0,0,1,000.0
Assist,0,0,1,000.0
Twin,0,1,0,100.0
TWIN,0,1,0,100.0
Highlighted,0,0,2,000.0
continued,0,0,2,000.0
commitment,0,0,2,000.0
advance,0,0,2,000.0
pipeline,0,0,2,000.0
including,0,0,2,000.0
clinical,0,0,4,000.0
lead,0,0,2,000.0
multiple,0,0,2,000.0
oncology,0,0,2,000.0
indications,0,0,2,000.0
name,0,0,2,000.0
change,0,0,2,000.0
Cotinga,0,0,2,000.0
signifies,0,0,2,000.0
evolution,0,0,2,000.0
focused,0,0,2,000.0
stage,0,0,2,000.0
biopharmaceutical,0,0,2,000.0
Merrill,1,0,1,050.0
Lynch,1,0,1,050.0
Banking,1,0,1,050.0
Veteran,1,0,1,050.0
Deep,0,1,1,050.0
Montney,0,1,1,050.0
Reaffirms,0,1,1,050.0
Exit,0,1,1,050.0
Annualized,0,1,1,050.0
Adjusted,0,1,1,050.0
Tranche,1,1,0,100.0
Remote,0,1,0,100.0
1Linx,0,1,0,100.0
Authentication,0,1,0,100.0
Lane,0,1,1,050.0
Declaration,0,1,1,050.0
Basis,0,1,1,050.0
OXLCO,0,1,1,050.0
SPAR,0,1,0,100.0
Promotion,0,1,0,100.0
Gerry,0,1,0,100.0
SGRP,0,1,0,100.0
Legacy,1,0,1,050.0
Cleanup,1,0,1,050.0
Congress,0,0,2,000.0
Pass,0,0,2,000.0
Massive,0,0,2,000.0
Bill,0,0,3,000.0
Yolanda,0,0,2,000.0
Murphy,0,0,2,000.0
Alleace,0,0,2,000.0
Gibbs,0,0,2,000.0
Mission,0,0,2,000.0
MEXCO,1,0,0,100.0
ENERGY,1,0,0,100.0
CORPORATION,1,0,0,100.0
SALE,1,0,0,100.0
ACREAGE,1,0,0,100.0
FURTHER,1,0,0,100.0
DEVELOPMENTS,1,0,0,100.0
PetroQuest,1,1,0,100.0
Louisiana,1,1,0,100.0
Play,1,1,0,100.0
Sandspring,0,1,1,050.0
Wheaton,0,1,1,050.0
Precious,0,1,1,050.0
Metals,0,1,2,33.333333333333336
extend,0,1,1,050.0
feasibility,0,1,1,050.0
date,0,1,1,050.0
exploration,0,1,1,050.0
debt,0,1,1,050.0
Kotipizza,0,1,0,100.0
COMPARABLE,0,2,0,100.0
SALES,0,1,0,100.0
GROWTH,0,2,0,100.0
THIRD,0,1,0,100.0
QUARTER,0,1,0,100.0
FINANCIAL,0,1,0,100.0
YEAR,0,1,0,100.0
Candy,0,0,2,000.0
Funko,0,0,2,000.0
Collectibles,0,0,2,000.0
FNKO,0,0,2,000.0
Aeterna,0,0,2,000.0
Zentaris,0,0,2,000.0
Macrilen,0,0,2,000.0
macimorelin,0,0,2,000.0
Diagnosis,0,0,2,000.0
Adult,0,0,2,000.0
Hormone,0,0,2,000.0
AEZS,0,0,2,000.0
Placements,1,1,0,100.0
HMSY,1,0,1,050.0
Recommended,0,0,2,000.0
Labs,0,0,2,000.0
Gateway,1,0,2,33.333333333333336
Lawrence,1,0,0,100.0
Seaway,1,0,0,100.0
GIFI,1,0,0,100.0
Commerce,0,1,1,050.0
Innovator,0,1,1,050.0
ConversionPoint,0,1,1,050.0
Stage,0,1,1,050.0
Following,0,1,1,050.0
Kevin,1,0,0,100.0
Lukassen,1,0,0,100.0
Tennessee,1,0,0,100.0
Conn,0,2,0,100.0
CONN,0,2,0,100.0
Huawei,2,0,0,100.0
BIDU,2,0,0,100.0
Solicitation,0,1,0,100.0
iRhythm,0,1,0,100.0
IRTC,0,1,0,100.0
Free,0,1,0,100.0
Survival,0,1,0,100.0
Treated,0,1,0,100.0
ProscaVax,0,1,0,100.0
Shipping,0,0,1,000.0
Continuation,0,0,1,000.0
Charter,0,0,2,000.0
Erato,0,0,1,000.0
Danae,0,0,1,000.0
Phaethon,0,0,1,000.0
Compliance,0,1,0,100.0
OTCMarkets,0,1,0,100.0
UAMA,0,1,0,100.0
Between,0,0,1,000.0
SiO2,0,0,1,000.0
Chesnaye,0,0,1,000.0
Near,0,0,1,000.0
Baie,0,0,1,000.0
Comeau,0,0,1,000.0
Kornit,0,1,0,100.0
Conferences,0,1,0,100.0
KRNT,0,1,0,100.0
Papa,0,0,1,000.0
Murphys,0,0,1,000.0
Part,0,0,1,000.0
Refresh,0,0,1,000.0
FRSH,0,0,1,000.0
Proteostasis,1,0,0,100.0
Fingerprint,0,1,0,100.0
Biometric,0,1,0,100.0
BKYI,0,1,0,100.0
Exciting,0,0,1,000.0
Collaborations,0,0,1,000.0
Possible,0,0,1,000.0
Flexible,0,0,1,000.0
Mercitalia,0,2,0,100.0
Signed,0,1,0,100.0
TRAXX,0,2,0,100.0
Locomotives,0,1,0,100.0
Maintenance,0,1,0,100.0
Italian,0,1,0,100.0
freight,0,1,0,100.0
locomotive,0,1,0,100.0
traction,0,1,0,100.0
adhesion,0,1,0,100.0
energy,0,1,0,100.0
efficiency,0,1,0,100.0
includes,0,1,0,100.0
option,0,1,0,100.0
additional,0,1,0,100.0
locomotives,0,1,0,100.0
Comcast,0,0,1,000.0
giving,0,0,1,000.0
bonuses,0,0,2,000.0
hundreds,0,0,1,000.0
thousands,0,0,1,000.0
workers,0,0,1,000.0
after,0,0,2,000.0
Extraordinary,0,0,1,000.0
Acasti,0,0,1,000.0
Warrants,0,1,1,050.0
Giapreza,0,1,0,100.0
angiotensin,0,1,0,100.0
FlyEgypt,0,1,0,100.0
Hyaluronic,0,1,0,100.0
Acid,0,1,0,100.0
approx,0,1,0,100.0
Crop,0,1,0,100.0
Settles,0,1,0,100.0
PYDS,0,0,1,000.0
Hydropothecary,0,1,0,100.0
inventory,0,1,0,100.0
cost,0,1,0,100.0
gram,0,1,0,100.0
declines,0,1,0,100.0
Wheeler,0,1,0,100.0
Terms,0,1,0,100.0
KeyBank,0,1,0,100.0
WHLR,0,1,0,100.0
LexinFintech,0,1,0,100.0
Initial,0,1,0,100.0
give,0,0,1,000.0
Histogenics,0,0,1,000.0
MEDINET,0,0,1,000.0
Enter,0,0,1,000.0
Licensing,0,0,1,000.0
NeoCart,0,0,1,000.0
HSGX,0,0,1,000.0
GenMark,0,0,1,000.0
GNMK,0,0,1,000.0
BPCE,0,0,2,000.0
Fran,0,0,1,000.0
Riahi,0,0,1,000.0
appointed,0,0,1,000.0
Groupe,0,0,1,000.0
charge,0,0,1,000.0
finance,0,0,1,000.0
strategy,0,0,1,000.0
legal,0,0,1,000.0
affairs,0,0,1,000.0
Supervisory,0,0,1,000.0
secretary,0,0,1,000.0
Eagle,0,1,0,100.0
Applications,0,0,1,000.0
Jason,0,0,1,000.0
Boling,0,0,1,000.0
Steven,0,0,1,000.0
Brink,0,0,1,000.0
Below,0,0,1,000.0
FIVE,0,0,1,000.0
Contek,0,0,1,000.0
Quality,0,0,1,000.0
Brief,0,0,1,000.0
Appeal,0,0,1,000.0
Interference,0,0,1,000.0
Circuit,0,0,1,000.0
Humanigen,0,1,0,100.0
Obligations,0,1,0,100.0
HGEN,0,1,0,100.0
Identiv,0,0,1,000.0
INVE,0,0,1,000.0
Buckeye,1,0,0,100.0
Season,1,0,0,100.0
Ambrx,1,0,0,100.0
Gemphire,1,0,0,100.0
Proof,1,0,0,100.0
Concept,1,0,0,100.0
Differentiated,1,0,0,100.0
GEMP,1,0,0,100.0
bonus,0,0,1,000.0
Need,0,0,1,000.0
Know,0,0,1,000.0
Fluidigm,0,0,1,000.0
FLDM,0,0,1,000.0
EPRI,0,0,1,000.0
Regional,0,0,1,000.0
Grid,0,0,1,000.0
Disruptions,0,0,1,000.0
Resulting,0,0,1,000.0
Altitude,0,0,1,000.0
Electromagnetic,0,0,1,000.0
Pulse,0,0,1,000.0
Agriculture,0,0,1,000.0
2021,0,0,1,000.0
18th,0,0,1,000.0
Ideas,0,0,1,000.0
Demonstrate,0,1,0,100.0
Sensor,0,1,0,100.0
ChinaCache,1,0,0,100.0
CCIH,1,0,0,100.0
Majestic,0,0,1,000.0
files,0,0,1,000.0
updated,0,0,1,000.0
technical,0,0,1,000.0
Toro,0,0,1,000.0
Parrilla,0,0,1,000.0
Martin,0,0,1,000.0
Klondex,0,1,0,100.0
Mineral,0,1,0,100.0
Resource,0,1,0,100.0
Estimate,0,1,0,100.0
Fire,0,1,0,100.0
Creek,0,1,0,100.0
Indicated,0,1,0,100.0
AuEq,0,2,0,100.0
Inferred,0,1,0,100.0
Resigns,0,0,1,000.0
Galway,0,0,1,000.0
Reviewing,0,0,1,000.0
Candidates,0,0,1,000.0
Gulfport,0,0,1,000.0
SCOOP,0,0,2,000.0
Sycamore,0,0,1,000.0
Woodford,0,0,1,000.0
GPOR,0,0,1,000.0
Integra,0,1,0,100.0
LifeSciences,0,1,0,100.0
IART,0,1,0,100.0
completing,1,0,0,100.0
Anfield,0,0,1,000.0
Coringa,0,0,1,000.0
Florida,0,1,0,100.0
Transocean,2,0,0,100.0
Harsh,1,0,0,100.0
Semisubmersible,1,0,0,100.0
Spitsbergen,1,0,0,100.0
Recreational,1,0,0,100.0
Kaya,1,0,0,100.0
OTCQB,1,0,0,100.0
KAYS,2,0,0,100.0
Clips,1,0,0,100.0
Dynamics,0,0,1,000.0
Experts,0,0,1,000.0
Monetize,0,0,1,000.0
DNAD,0,0,1,000.0
SIGNET,0,1,0,100.0
JEWELERS,0,1,0,100.0
LIMITED,0,1,0,100.0
Signet,0,1,0,100.0
Jewelers,0,1,0,100.0
Trisura,0,0,1,000.0
Consolidation,0,0,1,000.0
Comparing,0,0,1,000.0
Quetiapine,0,0,1,000.0
Adjunctive,0,0,1,000.0
Antidepressants,0,0,1,000.0
Depressive,0,0,1,000.0
Strad,0,0,1,000.0
Expenditure,0,0,1,000.0
GWPH,0,1,0,100.0
Arix,0,0,2,000.0
Bioscience,0,0,3,000.0
leads,0,0,1,000.0
Aura,0,0,1,000.0
ARIX,0,0,1,000.0
SemCAMS,0,1,0,100.0
Duvernay,0,1,0,100.0
Sour,0,1,0,100.0
Plant,0,1,0,100.0
SEMG,0,1,0,100.0
KCAP,2,0,0,100.0
Refinancing,1,0,0,100.0
Catamaran,1,0,0,100.0
2015,1,0,0,100.0
managed,1,0,0,100.0
Trimaran,1,0,0,100.0
Advisors,1,0,0,100.0
Yield10,0,0,1,000.0
YTEN,0,0,1,000.0
Polish,0,1,0,100.0
Leukemia,0,1,0,100.0
Rodger,0,1,0,100.0
Novak,0,1,0,100.0
NXTD,0,1,0,100.0
PDCE,0,1,0,100.0
Ultra,0,0,1,000.0
Marcellus,0,0,1,000.0
Anabasum,0,0,1,000.0
Lupus,0,0,1,000.0
Erythematosus,0,0,1,000.0
funded,0,0,1,000.0
NIAID,0,0,1,000.0
Autoimmunity,0,0,1,000.0
Centers,0,0,1,000.0
affects,0,0,1,000.0
Americans,0,0,1,000.0
fold,0,0,1,000.0
mortality,0,0,1,000.0
represents,0,0,1,000.0
indication,0,0,1,000.0
targeted,0,0,1,000.0
anabasum,0,0,1,000.0
Airport,0,0,1,000.0
